
G > 比率調整 ▶ C

<picture>                       <search>                        <anser>
[1 1 1 1 1 1 0 0 0 0 0 1 1]     [1 1 1 1 1 1 0 0 0 0 0 0 1]     [[            . . . . . \  ]
[1 1 1 1 0 0 0 0 0 0 0 0 0]     [1 1 1 1 0 0 0 0 0 0 0 0 0]      [        . . . . . . . . .]
[1 1 0 0 0 0 0 0 0 0 0 0 0]     [1 1 1 0 0 0 0 0 0 0 0 0 0]      [    + . . . . . . . . . .]
[1 1 0 0 0 0 0 1 1 1 0 0 0]     [1 1 0 0 0 0 0 0 1 1 0 0 0]      [    . . . . . \     . . .]
[1 0 0 0 0 1 1 1 1 1 1 1 0]     [1 0 0 0 0 0 1 1 1 1 1 1 0]      [  . . . . \             .]
[1 0 0 0 0 1 1 1 1 1 1 1 1]     [1 0 0 0 0 1 1 1 1 1 1 1 1]      [  . . . .                ]
[0 0 0 0 1 1 1 1 1 1 1 1 1]     [0 0 0 0 1 1 1 1 1 1 1 1 1]      [. . . .                  ]
[0 0 0 0 1 1 1 1 1 1 1 1 1]     [0 0 0 0 1 1 1 1 1 1 1 1 1]      [. . . .                  ]
[0 0 0 0 1 1 1 1 1 1 1 1 1]     [0 0 0 0 1 1 1 1 1 1 1 1 1]      [. . . .                  ]
[0 0 0 0 1 1 1 1 1 1 1 1 1]     [0 0 0 0 1 1 1 1 1 1 1 1 1]      [. . . .                  ]
[0 0 0 1 1 1 1 1 1 1 1 1 1] --- [0 0 0 0 1 1 1 1 1 1 1 1 1] ===  [. . . \                  ]
[0 0 0 1 1 1 1 1 0 0 0 0 0]     [0 0 0 0 1 1 1 1 1 1 1 1 1]      [. . . \         + + + + +]
[0 0 0 1 1 1 1 1 0 0 0 0 0]     [0 0 0 0 1 1 1 1 1 1 1 1 1]      [. . . \         + + + + +]
[0 0 0 0 1 1 1 1 0 0 0 0 0]     [0 0 0 0 1 1 1 1 1 1 1 1 1]      [. . . .         + + + + +]
[0 0 0 0 1 1 1 1 1 1 1 0 0]     [0 0 0 0 1 1 1 1 1 1 1 1 1]      [. . . .               + +]
[0 0 0 0 1 1 1 1 1 1 1 0 0]     [0 0 0 0 1 1 1 1 1 1 1 1 1]      [. . . .               + +]
[0 0 0 0 1 1 1 1 1 1 1 0 0]     [0 0 0 0 0 1 1 1 1 1 1 1 1]      [. . . . \             + +]
[1 0 0 0 0 1 1 1 1 1 1 0 0]     [1 0 0 0 0 1 1 1 1 1 1 1 1]      [  . . . .             + +]
[1 0 0 0 0 0 1 1 1 1 1 0 0]     [1 0 0 0 0 0 1 1 1 1 1 1 0]      [  . . . . .           + .]
[1 1 0 0 0 0 0 0 0 0 0 0 0]     [1 1 0 0 0 0 0 0 0 0 0 0 0]      [    . . . . . . . . . . .]
[1 1 1 0 0 0 0 0 0 0 0 0 0]     [1 1 1 0 0 0 0 0 0 0 0 0 0]      [      . . . . . . . . . .]
[1 1 1 1 0 0 0 0 0 0 0 0 0]     [1 1 1 1 0 0 0 0 0 0 0 0 0]      [        . . . . . . . . .]
[1 1 1 1 1 1 1 0 0 0 1 1 1]     [1 1 1 1 1 1 1 1 0 0 0 1 1]      [              + . . \    ]]

                                                                 ▶ [  \ :無し ][  + :多い ]

                                                                 > [  . : 文字判定一致 ]
                                                                 > [ ' ': 背景判定一致 ]

//旧式_合致率: 93.93939393939394% [ 調査要素数: 132, 合致数: 124 ]

( \ : - )
8

( + )
589


---------------------------------------------------------------------------------------------------------------------------------------------------------------------------------------------------------------------------------------------------------------------------------

|  [[1 1 1 1 1 1 0 0 0 . . +  ]   |  [[1 1 1 1 1 1 0 0 0 0 0 1 1]   |  [[1 1 1 1 1 1 0 0 0 0 0 1 1]   |  [[1 1 1 1 1 1 0 0 0 0 0 1 1]   |  [[1 1 1 1 1 1 0 0 0 0 0 1 1]   |  [[1 1 1 1 1 1 0 0 0 0 0 1 1]   |  [[1 1 1 1 1 1 0 0 0 0 0 1 1]   |  [[1 1 1 1 1 1 0 0 0 0 0 1 1]   |
|   [1 1 1 1 0 0 0 0 0 . . . .]   |   [1 1 1 1 0 . . . . . 0 0 0]   |   [1 1 1 1 0 0 0 0 0 0 0 0 0]   |   [1 1 1 1 0 0 0 0 0 0 0 0 0]   |   [1 1 1 1 0 0 0 0 0 0 0 0 0]   |   [1 1 1 1 0 0 0 0 0 0 0 0 0]   |   [1 1 1 1 0 0 0 0 0 0 0 0 0]   |   [1 1 1 1 0 0 0 0 0 0 0 0 0]   |
|   [1 1 0 0 0 0 0 0 0 . . . .]   |   [1 1 0 0 0 . . . . . 0 0 0]   |   [1 1 0 . . . . . 0 0 0 0 0]   |   [1 1 0 0 0 0 0 0 0 0 0 0 0]   |   [1 1 0 0 0 0 0 0 0 0 0 0 0]   |   [1 1 0 0 0 0 0 0 0 0 0 0 0]   |   [1 1 0 0 0 0 0 0 0 0 0 0 0]   |   [1 1 0 0 0 0 0 0 0 0 0 0 0]   |
|   [1 1 0 0 0 0 0 1 1 1 0 0 0]   |   [1 1 0 0 0 . . +     0 0 0]   |   [1 1 0 . . . .   1 1 0 0 0]   |   [1 1 0 0 0 0 0 1 1 1 0 0 0]   |   [1 1 0 0 0 0 0 1 1 1 0 0 0]   |   [1 1 0 0 0 0 0 1 1 1 0 0 0]   |   [1 1 0 0 0 0 0 1 1 1 0 0 0]   |   [1 1 0 0 0 0 0 1 1 1 0 0 0]   |
|   [1 0 0 0 0 1 1 1 1 1 1 1 0]   |   [1 0 0 0 0           1 1 0]   |   [1 0 0 . . +     1 1 1 1 0]   |   [1 0 0 0 0 1 1 1 1 1 1 1 0]   |   [1 0 0 0 0 1 1 1 1 1 1 1 0]   |   [1 0 0 0 0 1 1 1 1 1 1 1 0]   |   [1 0 0 0 0 1 1 1 1 1 1 1 0]   |   [1 0 0 0 0 1 1 1 1 1 1 1 0]   |
|   [1 0 0 0 0 1 1 1 1 1 1 1 1]   |   [1 0 0 0 0           1 1 1]   |   [1 0 0 . .       1 1 1 1 1]   |   [1 0 0 0 0 1 1 1 1 1 1 1 1]   |   [1 0 0 0 0 1 1 1 1 1 1 1 1]   |   [1 0 0 0 0 1 1 1 1 1 1 1 1]   |   [1 0 0 0 0 1 1 1 1 1 1 1 1]   |   [1 0 0 0 0 1 1 1 1 1 1 1 1]   |
|   [0 0 0 0 1 1 1 1 1 1 1 1 1]   |   [0 0 0 0 1 1 1 1 1 1 1 1 1]   |   [0 0 0 .         1 1 1 1 1]   |   [0 0 0 0 1 1 1 1 1 1 1 1 1]   |   [0 0 0 0 1 1 1 1 1 1 1 1 1]   |   [0 0 0 0 1 1 1 1 1 1 1 1 1]   |   [0 0 0 0 1 1 1 1 1 1 1 1 1]   |   [0 0 0 0 1 1 1 1 1 1 1 1 1]   |
|   [0 0 0 0 1 1 1 1 1 1 1 1 1]   |   [0 0 0 0 1 1 1 1 1 1 1 1 1]   |   [0 0 0 0 1 1 1 1 1 1 1 1 1]   |   [0 0 0 0 1 1 1 1 1 1 1 1 1]   |   [0 0 0 0 1 1 1 1 1 1 1 1 1]   |   [0 0 0 0 1 1 1 1 1 1 1 1 1]   |   [0 0 0 0 1 1 1 1 1 1 1 1 1]   |   [0 0 0 0 1 1 1 1 1 1 1 1 1]   |
|   [0 0 0 0 1 1 1 1 1 1 1 1 1]   |   [0 0 0 0 1 1 1 1 1 1 1 1 1]   |   [0 0 0 0 1 1 1 1 1 1 1 1 1]   |   [0 . . .     1 1 1 1 1 1 1]   |   [0 0 0 0 1 1 1 1 1 1 1 1 1]   |   [0 0 0 0 1 1 1 1 1 1 1 1 1]   |   [0 0 0 0 1 1 1 1 1 1 1 1 1]   |   [0 0 0 0 1 1 1 1 1 1 1 1 1]   |
|   [0 0 0 0 1 1 1 1 1 1 1 1 1]   |   [0 0 0 0 1 1 1 1 1 1 1 1 1]   |   [0 0 0 0 1 1 1 1 1 1 1 1 1]   |   [0 . . .     1 1 1 1 1 1 1]   |   [0 . . .     1 1 1 1 1 1 1]   |   [0 0 0 0 1 1 1 1 1 1 1 1 1]   |   [0 0 0 0 1 1 1 1 1 1 1 1 1]   |   [0 0 0 0 1 1 1 1 1 1 1 1 1]   |
|   [0 0 0 1 1 1 1 1 1 1 1 1 1]   |   [0 0 0 1 1 1 1 1 1 1 1 1 1]   |   [0 0 0 1 1 1 1 1 1 1 1 1 1]   |   [0 . . +     1 1 1 1 1 1 1]   |   [0 . .       1 1 1 1 1 1 1]   |   [0 . .       1 1 1 1 1 1 1]   |   [0 0 0 1 1 1 1 1 1 1 1 1 1]   |   [0 0 0 1 1 1 1 1 1 1 1 1 1]   |
|   [0 0 0 1 1 1 1 1 0 0 0 0 0]   |   [0 0 0 1 1 1 1 1 0 0 0 0 0]   |   [0 0 0 1 1 1 1 1 0 0 0 0 0]   |   [0 . .       1 1 0 0 0 0 0]   |   [0 . . +     1 1 0 0 0 0 0]   |   [0 . .       1 1 0 0 0 0 0]   |   [0 0 0 1 1 1 1 1 0 0 0 0 0]   |   [0 0 0 1 1 1 1 1 0 0 0 0 0]   |
|   [0 0 0 1 1 1 1 1 0 0 0 0 0]   |   [0 0 0 1 1 1 1 1 0 0 0 0 0]   |   [0 0 0 1 1 1 1 1 0 0 0 0 0]   |   [0 . .       1 1 0 0 0 0 0]   |   [0 . .       1 1 0 0 0 0 0]   |   [0 . . +     1 1 0 0 0 0 0]   |   [0 0 0 1 1 1 1 1 0 0 0 0 0]   |   [0 0 0 1 1 1 1 1 0 0 0 0 0]   |
|   [0 0 0 0 1 1 1 1 0 0 0 0 0]   |   [0 0 0 0 1 1 1 1 0 0 0 0 0]   |   [0 0 0 0 1 1 1 1 0 0 0 0 0]   |   [0 0 0 0 1 1 1 1 0 0 0 0 0]   |   [0 . . .     1 1 0 0 0 0 0]   |   [0 . . .     1 1 0 0 0 0 0]   |   [0 0 0 0 1 1 1 1 0 0 0 0 0]   |   [0 0 0 0 1 1 1 1 0 0 0 0 0]   |
|   [0 0 0 0 1 1 1 1 1 1 1 0 0]   |   [0 0 0 0 1 1 1 1 1 1 1 0 0]   |   [0 0 0 0 1 1 1 1 1 1 1 0 0]   |   [0 0 0 0 1 1 1 1 1 1 1 0 0]   |   [0 0 0 0 1 1 1 1 1 1 1 0 0]   |   [0 . . .     1 1 1 1 1 0 0]   |   [0 0 . .       1 1 1 1 0 0]   |   [0 0 0 0 1 1 1 1 1 1 1 0 0]   |
|   [0 0 0 0 1 1 1 1 1 1 1 0 0]   |   [0 0 0 0 1 1 1 1 1 1 1 0 0]   |   [0 0 0 0 1 1 1 1 1 1 1 0 0]   |   [0 0 0 0 1 1 1 1 1 1 1 0 0]   |   [0 0 0 0 1 1 1 1 1 1 1 0 0]   |   [0 0 0 0 1 1 1 1 1 1 1 0 0]   |   [0 0 . .       1 1 1 1 0 0]   |   [0 0 0 0 1 1 1 1 1 1 1 0 0]   |
|   [0 0 0 0 1 1 1 1 1 1 1 0 0]   |   [0 0 0 0 1 1 1 1 1 1 1 0 0]   |   [0 0 0 0 1 1 1 1 1 1 1 0 0]   |   [0 0 0 0 1 1 1 1 1 1 1 0 0]   |   [0 0 0 0 1 1 1 1 1 1 1 0 0]   |   [0 0 0 0 1 1 1 1 1 1 1 0 0]   |   [0 0 . . +     1 1 1 1 0 0]   |   [0 0 0 0 1 1 1 1 1 1 1 0 0]   |
|   [1 0 0 0 0 1 1 1 1 1 1 0 0]   |   [1 0 0 0 0 1 1 1 1 1 1 0 0]   |   [1 0 0 0 0 1 1 1 1 1 1 0 0]   |   [1 0 0 0 0 1 1 1 1 1 1 0 0]   |   [1 0 0 0 0 1 1 1 1 1 1 0 0]   |   [1 0 0 0 0 1 1 1 1 1 1 0 0]   |   [1 0 . . .     1 1 1 1 0 0]   |   [1 0 0 0 0 1 1 1 1 1 1 0 0]   |
|   [1 0 0 0 0 0 1 1 1 1 1 0 0]   |   [1 0 0 0 0 0 1 1 1 1 1 0 0]   |   [1 0 0 0 0 0 1 1 1 1 1 0 0]   |   [1 0 0 0 0 0 1 1 1 1 1 0 0]   |   [1 0 0 0 0 0 1 1 1 1 1 0 0]   |   [1 0 0 0 0 0 1 1 1 1 1 0 0]   |   [1 0 . . . .   1 1 1 1 0 0]   |   [1 0 0 0 0 0 1 1 1 1 1 0 0]   |
|   [1 1 0 0 0 0 0 0 0 0 0 0 0]   |   [1 1 0 0 0 0 0 0 0 0 0 0 0]   |   [1 1 0 0 0 0 0 0 0 0 0 0 0]   |   [1 1 0 0 0 0 0 0 0 0 0 0 0]   |   [1 1 0 0 0 0 0 0 0 0 0 0 0]   |   [1 1 0 0 0 0 0 0 0 0 0 0 0]   |   [1 1 0 0 0 0 0 0 0 0 0 0 0]   |   [1 1 0 0 0 0 0 0 0 0 0 0 0]   |
|   [1 1 1 0 0 0 0 0 0 0 0 0 0]   |   [1 1 1 0 0 0 0 0 0 0 0 0 0]   |   [1 1 1 0 0 0 0 0 0 0 0 0 0]   |   [1 1 1 0 0 0 0 0 0 0 0 0 0]   |   [1 1 1 0 0 0 0 0 0 0 0 0 0]   |   [1 1 1 0 0 0 0 0 0 0 0 0 0]   |   [1 1 1 0 0 0 0 0 0 0 0 0 0]   |   [1 1 1 0 0 0 0 0 . . . . .]   |
|   [1 1 1 1 0 0 0 0 0 0 0 0 0]   |   [1 1 1 1 0 0 0 0 0 0 0 0 0]   |   [1 1 1 1 0 0 0 0 0 0 0 0 0]   |   [1 1 1 1 0 0 0 0 0 0 0 0 0]   |   [1 1 1 1 0 0 0 0 0 0 0 0 0]   |   [1 1 1 1 0 0 0 0 0 0 0 0 0]   |   [1 1 1 1 0 0 0 0 0 0 0 0 0]   |   [1 1 1 1 0 0 0 0 . . . . .]   |
|   [1 1 1 1 1 1 1 0 0 0 1 1 1]]  |   [1 1 1 1 1 1 1 0 0 0 1 1 1]]  |   [1 1 1 1 1 1 1 0 0 0 1 1 1]]  |   [1 1 1 1 1 1 1 0 0 0 1 1 1]]  |   [1 1 1 1 1 1 1 0 0 0 1 1 1]]  |   [1 1 1 1 1 1 1 0 0 0 1 1 1]]  |   [1 1 1 1 1 1 1 0 0 0 1 1 1]]  |   [1 1 1 1 1 1 1 0 . . +    ]]  |
|                                 |                                 |                                 |                                 |                                 |                                 |                                 |                                 |
|  [[. # +  ]                     |  [[. . . . .]                   |  [[. . . . .]                   |  [[. . .    ]                   |  [[. . .    ]                   |  [[. .      ]                   |  [[. .      ]                   |  [[. . . . .]                   |
|   [. . # .]                     |   [. . # . .]                   |   [. . # .  ]                   |   [. . #    ]                   |   [. .      ]                   |   [. .      ]                   |   [. .      ]                   |   [. . # . .]                   |
|   [. . . .]]                    |   [. # +    ]                   |   [. # +    ]                   |   [. # +    ]                   |   [. # +    ]                   |   [. # +    ]                   |   [. # +    ]                   |   [. # +    ]]                  |
|                                 |   [         ]                   |   [. .      ]                   |   [. .      ]                   |   [. .      ]                   |   [. . #    ]                   |   [. . #    ]                   |                                 |
|                                 |   [         ]]                  |   [.        ]]                  |   [. .      ]]                  |   [. . .    ]]                  |   [. . .    ]]                  |   [. . . .  ]]                  |                                 |
|                                 |                                 |                                 |                                 |                                 |                                 |                                 |                                 |
|   > MIN: 1.0                    |   > MIN: 1.0                    |   > MIN: 1.0                    |   > MIN: 1.0                    |   > MIN: 1.0                    |   > MIN: 1.0                    |   > MIN: 1.0                    |   > MIN: 1.0                    |
|                                 |                                 |                                 |                                 |                                 |                                 |                                 |                                 |
|   [ count / plus: 1             |   [ count / plus: 1             |   [ count / plus: 1             |   [ count / plus: 1             |   [ count / plus: 1             |   [ count / plus: 1             |   [ count / plus: 1             |   [ count / plus: 1             |
|          / total: 1 ]           |          / total: 2 ]           |          / total: 3 ]           |          / total: 4 ]           |          / total: 5 ]           |          / total: 6 ]           |          / total: 7 ]           |          / total: 8 ]           |

---------------------------------------------------------------------------------------------------------------------------------------------------------------------------------------------------------------------------------------------------------------------------------------------------------------------------------------------------------------------------------------------------------------------------------------------------------------------------------------------------------------------------------------------------------------------------------------------------------------------------------------------------------------------------------------------------------------------------------------------------------------------------------------------------------------------------------------------------------------------------------------------------------------------

|  [[          1 0 0 0 0 0 0 1]   |  [[1 1 1 1 1 1 0 0 0 0 0 0 1]   |  [[1 1 1 1 1 1 0 0 0 0 0 0 1]   |  [[1 1 1 1 1 1 0 0 0 0 0 0 1]   |  [[1 1 1 1 1 1 0 0 0 0 0 0 1]   |  [[1 1 1 1 1 1 0 0 0 0 0 0 1]   |  [[1 1 1 1 1 1 0 0 0 0 0 0 1]   |  [[1 1 1 1 1 1 0 0 0 0 0 0 1]   |  [[1 1 1 1 1 1 0 0 0 0 0 0 1]   |  [[1 1 1 1 1 1 0 0 0 0 0 0 1]   |  [[1 1 1 1 1 1 0 0 0 0 0 0 1]   |  [[1 1 1 1 1 1 0 0 0 0 0 0 1]   |  [[1 1 1 1 1 1 0 0 0 0 0 0 1]   |  [[1 1 1 1 1 1 0 0 0 0 0 0 1]   |  [[1 1 1 1 1 1 0 0 0 0 0 0 1]   |  [[1 1 1 1 1 1 0 0 0 0 0 0 1]   |  [[1 1 1 1 1 1 0 0 0 0 0 0 1]   |  [[1 1 1 1 1 1 0 0 0 0 0 0 1]   |  [[1 1 1 1 1 1 0 0 0 0 0 0 1]   |  [[1 1 1 1 1 1 0 0 0 0 0 0 1]   |  [[1 1 1 1 1 1 0 0 0 0 0 0 1]   |  [[1 1 1 1 1 1 0 0 0 0 0 0 1]   |  [[1 1 1 1 1 1 0 0 0 0 0 0 1]   |  [[1 1 1 1 1 1 0 0 0 0 0 0 1]   |  [[1 1 1 1 1 1 0 0 0 0 0 0 1]   |  [[1 1 1 1 1 1 0 0 0 0 0 0 1]   |
|   [        . 0 0 0 0 0 0 0 0]   |   [1 1 1 1 0 0 0 0 0 0 0 0 0]   |   [1 1 1 1 0 0 0 0 0 0 0 0 0]   |   [1 1 1 1 0 0 0 0 0 0 0 0 0]   |   [1 1 1 1 0 0 0 0 0 0 0 0 0]   |   [1 1 1 1 0 0 0 0 0 0 0 0 0]   |   [1 1 1 1 0 0 0 0 0 0 0 0 0]   |   [1 1 1 1 0 0 0 0 0 0 0 0 0]   |   [1 1 1 1 0 0 0 0 0 0 0 0 0]   |   [1 1 1 1 0 0 0 0 0 0 0 0 0]   |   [1 1 1 1 0 0 0 0 0 0 0 0 0]   |   [1 1 1 1 0 0 0 0 0 0 0 0 0]   |   [1 1 1 1 0 0 0 0 0 0 0 0 0]   |   [1 1 1 1 0 0 0 0 0 0 0 0 0]   |   [1 1 1 1 0 0 0 0 0 0 0 0 0]   |   [1 1 1 1 0 0 0 0 0 0 0 0 0]   |   [1 1 1 1 0 0 0 0 0 0 0 0 0]   |   [1 1 1 1 0 0 0 0 0 0 0 0 0]   |   [1 1 1 1 0 0 0 0 0 0 0 0 0]   |   [1 1 1 1 0 0 0 0 0 0 0 0 0]   |   [1 1 1 1 0 0 0 0 0 0 0 0 0]   |   [1 1 1 1 0 0 0 0 0 0 0 0 0]   |   [1 1 1 1 0 0 0 0 0 0 0 0 0]   |   [1 1 1 1 0 0 0 0 0 0 0 0 0]   |   [1 1 1 1 0 0 0 0 0 0 0 0 0]   |   [1 1 1 1 0 0 0 0 0 0 0 0 0]   |
|   [    + . . 0 0 0 0 0 0 0 0]   |   [1 1 1 0 0 0 0 0 0 0 0 0 0]   |   [1 1 1 0 0 0 0 0 0 0 0 0 0]   |   [1 1 1 0 0 0 0 0 0 0 0 0 0]   |   [1 1 1 0 0 0 0 0 0 0 0 0 0]   |   [1 1 1 0 0 0 0 0 0 0 0 0 0]   |   [1 1 1 0 0 0 0 0 0 0 0 0 0]   |   [1 1 1 0 0 0 0 0 0 0 0 0 0]   |   [1 1 1 0 0 0 0 0 0 0 0 0 0]   |   [1 1 1 0 0 0 0 0 0 0 0 0 0]   |   [1 1 1 0 0 0 0 0 0 0 0 0 0]   |   [1 1 1 0 0 0 0 0 0 0 0 0 0]   |   [1 1 1 0 0 0 0 0 0 0 0 0 0]   |   [1 1 1 0 0 0 0 0 0 0 0 0 0]   |   [1 1 1 0 0 0 0 0 0 0 0 0 0]   |   [1 1 1 0 0 0 0 0 0 0 0 0 0]   |   [1 1 1 0 0 0 0 0 0 0 0 0 0]   |   [1 1 1 0 0 0 0 0 0 0 0 0 0]   |   [1 1 1 0 0 0 0 0 0 0 0 0 0]   |   [1 1 1 0 0 0 0 0 0 0 0 0 0]   |   [1 1 1 0 0 0 0 0 0 0 0 0 0]   |   [1 1 1 0 0 0 0 0 0 0 0 0 0]   |   [1 1 1 0 0 0 0 0 0 0 0 0 0]   |   [1 1 1 0 0 0 0 0 0 0 0 0 0]   |   [1 1 1 0 0 0 0 0 0 0 0 0 0]   |   [1 1 1 0 0 0 0 0 0 0 0 0 0]   |
|   [    . . . 0 0 0 1 1 0 0 0]   |   [1 1 0 0 0 0 0 0 1 1 0 0 0]   |   [1 1 0 0 0 0 0 0 1 1 0 0 0]   |   [1 1 0 0 0 0 0 0 1 1 0 0 0]   |   [1 1 0 0 0 0 0 0 1 1 0 0 0]   |   [1 1 0 0 0 0 0 0 1 1 0 0 0]   |   [1 1 0 0 0 0 0 0 1 1 0 0 0]   |   [1 1 0 0 0 0 0 0 1 1 0 0 0]   |   [1 1 0 0 0 0 0 0 1 1 0 0 0]   |   [1 1 0 0 0 0 0 0 1 1 0 0 0]   |   [1 1 0 0 0 0 0 0 1 1 0 0 0]   |   [1 1 0 0 0 0 0 0 1 1 0 0 0]   |   [1 1 0 0 0 0 0 0 1 1 0 0 0]   |   [1 1 0 0 0 0 0 0 1 1 0 0 0]   |   [1 1 0 0 0 0 0 0 1 1 0 0 0]   |   [1 1 0 0 0 0 0 0 1 1 0 0 0]   |   [1 1 0 0 0 0 0 0 1 1 0 0 0]   |   [1 1 0 0 0 0 0 0 1 1 0 0 0]   |   [1 1 0 0 0 0 0 0 1 1 0 0 0]   |   [1 1 0 0 0 0 0 0 1 1 0 0 0]   |   [1 1 0 0 0 0 0 0 1 1 0 0 0]   |   [1 1 0 0 0 0 0 0 1 1 0 0 0]   |   [1 1 0 0 0 0 0 0 1 1 0 0 0]   |   [1 1 0 0 0 0 0 0 1 1 0 0 0]   |   [1 1 0 0 0 0 0 0 1 1 0 0 0]   |   [1 1 0 0 0 0 0 0 1 1 0 0 0]   |
|   [  . . . . 0 1 1 1 1 1 1 0]   |   [1 0 0 0 0 0 1 1 1 1 1 1 0]   |   [1 0 0 0 0 0 1 1 1 1 1 1 0]   |   [1 0 0 0 0 0 1 1 1 1 1 1 0]   |   [1 0 0 0 0 0 1 1 1 1 1 1 0]   |   [1 0 0 0 0 0 1 1 1 1 1 1 0]   |   [1 0 0 0 0 0 1 1 1 1 1 1 0]   |   [1 0 0 0 0 0 1 1 1 1 1 1 0]   |   [1 0 0 0 0 0 1 1 1 1 1 1 0]   |   [1 0 0 0 0 0 1 1 1 1 1 1 0]   |   [1 0 0 0 0 0 1 1 1 1 1 1 0]   |   [1 0 0 0 0 0 1 1 1 1 1 1 0]   |   [1 0 0 0 0 0 1 1 1 1 1 1 0]   |   [1 0 0 0 0 0 1 1 1 1 1 1 0]   |   [1 0 0 0 0 0 1 1 1 1 1 1 0]   |   [1 0 0 0 0 0 1 1 1 1 1 1 0]   |   [1 0 0 0 0 0 1 1 1 1 1 1 0]   |   [1 0 0 0 0 0 1 1 1 1 1 1 0]   |   [1 0 0 0 0 0 1 1 1 1 1 1 0]   |   [1 0 0 0 0 0 1 1 1 1 1 1 0]   |   [1 0 0 0 0 0 1 1 1 1 1 1 0]   |   [1 0 0 0 0 0 1 1 1 1 1 1 0]   |   [1 0 0 0 0 0 1 1 1 1 1 1 0]   |   [1 0 0 0 0 0 1 1 1 1 1 1 0]   |   [1 0 0 0 0 0 1 1 1 1 1 1 0]   |   [1 0 0 0 0 0 1 1 1 1 1 1 0]   |
|   [1 0 0 0 0 1 1 1 1 1 1 1 1]   |   [1 0 0 0 0 1 1 1 1 1 1 1 1]   |   [1 0 0 0 0 1 1 1 1 1 1 1 1]   |   [1 0 0 0 0 1 1 1 1 1 1 1 1]   |   [1 0 0 0 0 1 1 1 1 1 1 1 1]   |   [1 0 0 0 0 1 1 1 1 1 1 1 1]   |   [1 0 0 0 0 1 1 1 1 1 1 1 1]   |   [1 0 0 0 0 1 1 1 1 1 1 1 1]   |   [1 0 0 0 0 1 1 1 1 1 1 1 1]   |   [1 0 0 0 0 1 1 1 1 1 1 1 1]   |   [1 0 0 0 0 1 1 1 1 1 1 1 1]   |   [1 0 0 0 0 1 1 1 1 1 1 1 1]   |   [1 0 0 0 0 1 1 1 1 1 1 1 1]   |   [1 0 0 0 0 1 1 1 1 1 1 1 1]   |   [1 0 0 0 0 1 1 1 1 1 1 1 1]   |   [1 0 0 0 0 1 1 1 1 1 1 1 1]   |   [1 0 0 0 0 1 1 1 1 1 1 1 1]   |   [1 0 0 0 0 1 1 1 1 1 1 1 1]   |   [1 0 0 0 0 1 1 1 1 1 1 1 1]   |   [1 0 0 0 0 1 1 1 1 1 1 1 1]   |   [1 0 0 0 0 1 1 1 1 1 1 1 1]   |   [1 0 0 0 0 1 1 1 1 1 1 1 1]   |   [1 0 0 0 0 1 1 1 1 1 1 1 1]   |   [1 0 0 0 0 1 1 1 1 1 1 1 1]   |   [1 0 0 0 0 1 1 1 1 1 1 1 1]   |   [1 0 0 0 0 1 1 1 1 1 1 1 1]   |
|   [0 0 0 0 1 1 1 1 1 1 1 1 1]   |   [0 0 0 0 1 1 1 1 1 1 1 1 1]   |   [0 0 0 0 1 1 1 1 1 1 1 1 1]   |   [0 0 0 0 1 1 1 1 1 1 1 1 1]   |   [0 0 0 0 1 1 1 1 1 1 1 1 1]   |   [0 0 0 0 1 1 1 1 1 1 1 1 1]   |   [0 0 0 0 1 1 1 1 1 1 1 1 1]   |   [0 0 0 0 1 1 1 1 1 1 1 1 1]   |   [0 0 0 0 1 1 1 1 1 1 1 1 1]   |   [0 0 0 0 1 1 1 1 1 1 1 1 1]   |   [0 0 0 0 1 1 1 1 1 1 1 1 1]   |   [0 0 0 0 1 1 1 1 1 1 1 1 1]   |   [0 0 0 0 1 1 1 1 1 1 1 1 1]   |   [0 0 0 0 1 1 1 1 1 1 1 1 1]   |   [0 0 0 0 1 1 1 1 1 1 1 1 1]   |   [0 0 0 0 1 1 1 1 1 1 1 1 1]   |   [0 0 0 0 1 1 1 1 1 1 1 1 1]   |   [0 0 0 0 1 1 1 1 1 1 1 1 1]   |   [0 0 0 0 1 1 1 1 1 1 1 1 1]   |   [0 0 0 0 1 1 1 1 1 1 1 1 1]   |   [0 0 0 0 1 1 1 1 1 1 1 1 1]   |   [0 0 0 0 1 1 1 1 1 1 1 1 1]   |   [0 0 0 0 1 1 1 1 1 1 1 1 1]   |   [0 0 0 0 1 1 1 1 1 1 1 1 1]   |   [0 0 0 0 1 1 1 1 1 1 1 1 1]   |   [0 0 0 0 1 1 1 1 1 1 1 1 1]   |
|   [0 0 0 0 1 1 1 1 1 1 1 1 1]   |   [0 0 0 0 1 1 1 1 1 1 1 1 1]   |   [0 0 0 0 1 1 1 1 1 1 1 1 1]   |   [0 0 0 0 1 1 1 1 1 1 1 1 1]   |   [0 0 0 0 1 1 1 1 1 1 1 1 1]   |   [0 0 0 0 1 1 1 1 1 1 1 1 1]   |   [0 0 0 0 1 1 1 1 1 1 1 1 1]   |   [0 0 0 0 1 1 1 1 1 1 1 1 1]   |   [0 0 0 0 1 1 1 1 1 1 1 1 1]   |   [0 0 0 0 1 1 1 1 1 1 1 1 1]   |   [0 0 0 0 1 1 1 1 1 1 1 1 1]   |   [0 0 0 0 1 1 1 1 1 1 1 1 1]   |   [0 0 0 0 1 1 1 1 1 1 1 1 1]   |   [0 0 0 0 1 1 1 1 1 1 1 1 1]   |   [0 0 0 0 1 1 1 1 1 1 1 1 1]   |   [0 0 0 0 1 1 1 1 1 1 1 1 1]   |   [0 0 0 0 1 1 1 1 1 1 1 1 1]   |   [0 0 0 0 1 1 1 1 1 1 1 1 1]   |   [0 0 0 0 1 1 1 1 1 1 1 1 1]   |   [0 0 0 0 1 1 1 1 1 1 1 1 1]   |   [0 0 0 0 1 1 1 1 1 1 1 1 1]   |   [0 0 0 0 1 1 1 1 1 1 1 1 1]   |   [0 0 0 0 1 1 1 1 1 1 1 1 1]   |   [0 0 0 0 1 1 1 1 1 1 1 1 1]   |   [0 0 0 0 1 1 1 1 1 1 1 1 1]   |   [0 0 0 0 1 1 1 1 1 1 1 1 1]   |
|   [0 0 0 0 1 1 1 1 1 1 1 1 1]   |   [0 0 0 0 1 1 1 1 1 1 1 1 1]   |   [0 0 0 0 1 1 1 1 1 1 1 1 1]   |   [0 0 0 0 1 1 1 1 1 1 1 1 1]   |   [0 0 0 0 1 1 1 1 1 1 1 1 1]   |   [0 0 0 0 1 1 1 1 1 1 1 1 1]   |   [0 0 0 0 1 1 1 1 1 1 1 1 1]   |   [0 0 0 0 1 1 1 1 1 1 1 1 1]   |   [0 0 0 0 1 1 1 1 1 1 1 1 1]   |   [0 0 0 0 1 1 1 1 1 1 1 1 1]   |   [0 0 0 0 1 1 1 1 1 1 1 1 1]   |   [0 0 0 0 1 1 1 1 1 1 1 1 1]   |   [0 0 0 0 1 1 1 1 1 1 1 1 1]   |   [0 0 0 0 1 1 1 1 1 1 1 1 1]   |   [0 0 0 0 1 1 1 1 1 1 1 1 1]   |   [0 0 0 0 1 1 1 1 1 1 1 1 1]   |   [0 0 0 0 1 1 1 1 1 1 1 1 1]   |   [0 0 0 0 1 1 1 1 1 1 1 1 1]   |   [0 0 0 0 1 1 1 1 1 1 1 1 1]   |   [0 0 0 0 1 1 1 1 1 1 1 1 1]   |   [0 0 0 0 1 1 1 1 1 1 1 1 1]   |   [0 0 0 0 1 1 1 1 1 1 1 1 1]   |   [0 0 0 0 1 1 1 1 1 1 1 1 1]   |   [0 0 0 0 1 1 1 1 1 1 1 1 1]   |   [0 0 0 0 1 1 1 1 1 1 1 1 1]   |   [0 0 0 0 1 1 1 1 1 1 1 1 1]   |
|   [0 0 0 0 1 1 1 1 1 1 1 1 1]   |   [0 0 0 0 1 1           1 1]   |   [0 0 0 0 1 1 1           1]   |   [0 0 0 0 1 1 1 1          ]   |   [0 0 0 0 1 1 1 1 1        ]   |   [0 0 0 0 1 1 1 1 1 1      ]   |   [0 0 0 0 1 1 1 1 1 1 1 1 1]   |   [0 0 0 0 1 1 1 1 1 1 1 1 1]   |   [0 0 0 0 1 1 1 1 1 1 1 1 1]   |   [0 0 0 0 1 1 1 1 1 1 1 1 1]   |   [0 0 0 0 1 1 1 1 1 1 1 1 1]   |   [0 0 0 0 1 1 1 1 1 1 1 1 1]   |   [0 0 0 0 1 1 1 1 1 1 1 1 1]   |   [0 0 0 0 1 1 1 1 1 1 1 1 1]   |   [0 0 0 0 1 1 1 1 1 1 1 1 1]   |   [0 0 0 0 1 1 1 1 1 1 1 1 1]   |   [0 0 0 0 1 1 1 1 1 1 1 1 1]   |   [0 0 0 0 1 1 1 1 1 1 1 1 1]   |   [0 0 0 0 1 1 1 1 1 1 1 1 1]   |   [0 0 0 0 1 1 1 1 1 1 1 1 1]   |   [0 0 0 0 1 1 1 1 1 1 1 1 1]   |   [0 0 0 0 1 1 1 1 1 1 1 1 1]   |   [0 0 0 0 1 1 1 1 1 1 1 1 1]   |   [0 0 0 0 1 1 1 1 1 1 1 1 1]   |   [0 0 0 0 1 1 1 1 1 1 1 1 1]   |   [0 0 0 0 1 1 1 1 1 1 1 1 1]   |
|   [0 0 0 0 1 1 1 1 1 1 1 1 1]   |   [0 0 0 0 1 1           1 1]   |   [0 0 0 0 1 1 1           1]   |   [0 0 0 0 1 1 1 1          ]   |   [0 0 0 0 1 1 1 1 1        ]   |   [0 0 0 0 1 1 1 1 1 1      ]   |   [0 0 0 0 1 1           1 1]   |   [0 0 0 0 1 1 1           1]   |   [0 0 0 0 1 1 1 1          ]   |   [0 0 0 0 1 1 1 1 1        ]   |   [0 0 0 0 1 1 1 1 1 1      ]   |   [0 0 0 0 1 1 1 1 1 1 1 1 1]   |   [0 0 0 0 1 1 1 1 1 1 1 1 1]   |   [0 0 0 0 1 1 1 1 1 1 1 1 1]   |   [0 0 0 0 1 1 1 1 1 1 1 1 1]   |   [0 0 0 0 1 1 1 1 1 1 1 1 1]   |   [0 0 0 0 1 1 1 1 1 1 1 1 1]   |   [0 0 0 0 1 1 1 1 1 1 1 1 1]   |   [0 0 0 0 1 1 1 1 1 1 1 1 1]   |   [0 0 0 0 1 1 1 1 1 1 1 1 1]   |   [0 0 0 0 1 1 1 1 1 1 1 1 1]   |   [0 0 0 0 1 1 1 1 1 1 1 1 1]   |   [0 0 0 0 1 1 1 1 1 1 1 1 1]   |   [0 0 0 0 1 1 1 1 1 1 1 1 1]   |   [0 0 0 0 1 1 1 1 1 1 1 1 1]   |   [0 0 0 0 1 1 1 1 1 1 1 1 1]   |
|   [0 0 0 0 1 1 1 1 1 1 1 1 1]   |   [0 0 0 0 1 1     +     1 1]   |   [0 0 0 0 1 1 1     +     1]   |   [0 0 0 0 1 1 1 1     +    ]   |   [0 0 0 0 1 1 1 1 1     +  ]   |   [0 0 0 0 1 1 1 1 1 1     +]   |   [0 0 0 0 1 1           1 1]   |   [0 0 0 0 1 1 1           1]   |   [0 0 0 0 1 1 1 1          ]   |   [0 0 0 0 1 1 1 1 1        ]   |   [0 0 0 0 1 1 1 1 1 1      ]   |   [0 0 0 0 1 1           1 1]   |   [0 0 0 0 1 1 1           1]   |   [0 0 0 0 1 1 1 1          ]   |   [0 0 0 0 1 1 1 1 1        ]   |   [0 0 0 0 1 1 1 1 1 1      ]   |   [0 0 0 0 1 1 1 1 1 1 1 1 1]   |   [0 0 0 0 1 1 1 1 1 1 1 1 1]   |   [0 0 0 0 1 1 1 1 1 1 1 1 1]   |   [0 0 0 0 1 1 1 1 1 1 1 1 1]   |   [0 0 0 0 1 1 1 1 1 1 1 1 1]   |   [0 0 0 0 1 1 1 1 1 1 1 1 1]   |   [0 0 0 0 1 1 1 1 1 1 1 1 1]   |   [0 0 0 0 1 1 1 1 1 1 1 1 1]   |   [0 0 0 0 1 1 1 1 1 1 1 1 1]   |   [0 0 0 0 1 1 1 1 1 1 1 1 1]   |
|   [0 0 0 0 1 1 1 1 1 1 1 1 1]   |   [0 0 0 0 1 1           1 1]   |   [0 0 0 0 1 1 1           1]   |   [0 0 0 0 1 1 1 1          ]   |   [0 0 0 0 1 1 1 1 1        ]   |   [0 0 0 0 1 1 1 1 1 1      ]   |   [0 0 0 0 1 1     +     1 1]   |   [0 0 0 0 1 1 1     +     1]   |   [0 0 0 0 1 1 1 1     +    ]   |   [0 0 0 0 1 1 1 1 1     +  ]   |   [0 0 0 0 1 1 1 1 1 1     +]   |   [0 0 0 0 1 1           1 1]   |   [0 0 0 0 1 1 1           1]   |   [0 0 0 0 1 1 1 1          ]   |   [0 0 0 0 1 1 1 1 1        ]   |   [0 0 0 0 1 1 1 1 1 1      ]   |   [0 0 0 0 1 1 1 1 1        ]   |   [0 0 0 0 1 1 1 1 1 1      ]   |   [0 0 0 0 1 1 1 1 1 1 1 1 1]   |   [0 0 0 0 1 1 1 1 1 1 1 1 1]   |   [0 0 0 0 1 1 1 1 1 1 1 1 1]   |   [0 0 0 0 1 1 1 1 1 1 1 1 1]   |   [0 0 0 0 1 1 1 1 1 1 1 1 1]   |   [0 0 0 0 1 1 1 1 1 1 1 1 1]   |   [0 0 0 0 1 1 1 1 1 1 1 1 1]   |   [0 0 0 0 1 1 1 1 1 1 1 1 1]   |
|   [0 0 0 0 1 1 1 1 1 1 1 1 1]   |   [0 0 0 0 1 1           1 1]   |   [0 0 0 0 1 1 1           1]   |   [0 0 0 0 1 1 1 1          ]   |   [0 0 0 0 1 1 1 1 1        ]   |   [0 0 0 0 1 1 1 1 1 1      ]   |   [0 0 0 0 1 1           1 1]   |   [0 0 0 0 1 1 1           1]   |   [0 0 0 0 1 1 1 1          ]   |   [0 0 0 0 1 1 1 1 1        ]   |   [0 0 0 0 1 1 1 1 1 1      ]   |   [0 0 0 0 1 1     +     1 1]   |   [0 0 0 0 1 1 1     +     1]   |   [0 0 0 0 1 1 1 1     +    ]   |   [0 0 0 0 1 1 1 1 1     +  ]   |   [0 0 0 0 1 1 1 1 1 1     +]   |   [0 0 0 0 1 1 1 1 1        ]   |   [0 0 0 0 1 1 1 1 1 1      ]   |   [0 0 0 0 1 1 1 1 1        ]   |   [0 0 0 0 1 1 1 1 1 1      ]   |   [0 0 0 0 1 1 1 1 1 1 1 1 1]   |   [0 0 0 0 1 1 1 1 1 1 1 1 1]   |   [0 0 0 0 1 1 1 1 1 1 1 1 1]   |   [0 0 0 0 1 1 1 1 1 1 1 1 1]   |   [0 0 0 0 1 1 1 1 1 1 1 1 1]   |   [0 0 0 0 1 1 1 1 1 1 1 1 1]   |
|   [0 0 0 0 1 1 1 1 1 1 1 1 1]   |   [0 0 0 0 1 1 1 1 1 1 1 1 1]   |   [0 0 0 0 1 1 1 1 1 1 1 1 1]   |   [0 0 0 0 1 1 1 1 1 1 1 1 1]   |   [0 0 0 0 1 1 1 1 1 1 1 1 1]   |   [0 0 0 0 1 1 1 1 1 1 1 1 1]   |   [0 0 0 0 1 1           1 1]   |   [0 0 0 0 1 1 1           1]   |   [0 0 0 0 1 1 1 1          ]   |   [0 0 0 0 1 1 1 1 1        ]   |   [0 0 0 0 1 1 1 1 1 1      ]   |   [0 0 0 0 1 1           1 1]   |   [0 0 0 0 1 1 1           1]   |   [0 0 0 0 1 1 1 1          ]   |   [0 0 0 0 1 1 1 1 1        ]   |   [0 0 0 0 1 1 1 1 1 1      ]   |   [0 0 0 0 1 1 1 1 1     +  ]   |   [0 0 0 0 1 1 1 1 1 1     +]   |   [0 0 0 0 1 1 1 1 1        ]   |   [0 0 0 0 1 1 1 1 1 1      ]   |   [0 0 0 0 1 1 1 1 1        ]   |   [0 0 0 0 1 1 1 1 1 1      ]   |   [0 0 0 0 1 1 1 1 1 1 1 1 1]   |   [0 0 0 0 1 1 1 1 1 1 1 1 1]   |   [0 0 0 0 1 1 1 1 1 1 1 1 1]   |   [0 0 0 0 1 1 1 1 1 1 1 1 1]   |
|   [0 0 0 0 1 1 1 1 1 1 1 1 1]   |   [0 0 0 0 1 1 1 1 1 1 1 1 1]   |   [0 0 0 0 1 1 1 1 1 1 1 1 1]   |   [0 0 0 0 1 1 1 1 1 1 1 1 1]   |   [0 0 0 0 1 1 1 1 1 1 1 1 1]   |   [0 0 0 0 1 1 1 1 1 1 1 1 1]   |   [0 0 0 0 1 1 1 1 1 1 1 1 1]   |   [0 0 0 0 1 1 1 1 1 1 1 1 1]   |   [0 0 0 0 1 1 1 1 1 1 1 1 1]   |   [0 0 0 0 1 1 1 1 1 1 1 1 1]   |   [0 0 0 0 1 1 1 1 1 1 1 1 1]   |   [0 0 0 0 1 1           1 1]   |   [0 0 0 0 1 1 1           1]   |   [0 0 0 0 1 1 1 1          ]   |   [0 0 0 0 1 1 1 1 1        ]   |   [0 0 0 0 1 1 1 1 1 1      ]   |   [0 0 0 0 1 1 1 1 1        ]   |   [0 0 0 0 1 1 1 1 1 1      ]   |   [0 0 0 0 1 1 1 1 1     +  ]   |   [0 0 0 0 1 1 1 1 1 1     +]   |   [0 0 0 0 1 1 1 1 1        ]   |   [0 0 0 0 1 1 1 1 1 1      ]   |   [0 0 0 0 1 1 1 1 1        ]   |   [0 0 0 0 1 1 1 1 1 1      ]   |   [0 0 0 0 1 1 1 1 1 1 1 1 1]   |   [0 0 0 0 1 1 1 1 1 1 1 1 1]   |
|   [0 0 0 0 0 1 1 1 1 1 1 1 1]   |   [0 0 0 0 0 1 1 1 1 1 1 1 1]   |   [0 0 0 0 0 1 1 1 1 1 1 1 1]   |   [0 0 0 0 0 1 1 1 1 1 1 1 1]   |   [0 0 0 0 0 1 1 1 1 1 1 1 1]   |   [0 0 0 0 0 1 1 1 1 1 1 1 1]   |   [0 0 0 0 0 1 1 1 1 1 1 1 1]   |   [0 0 0 0 0 1 1 1 1 1 1 1 1]   |   [0 0 0 0 0 1 1 1 1 1 1 1 1]   |   [0 0 0 0 0 1 1 1 1 1 1 1 1]   |   [0 0 0 0 0 1 1 1 1 1 1 1 1]   |   [0 0 0 0 0 1 1 1 1 1 1 1 1]   |   [0 0 0 0 0 1 1 1 1 1 1 1 1]   |   [0 0 0 0 0 1 1 1 1 1 1 1 1]   |   [0 0 0 0 0 1 1 1 1 1 1 1 1]   |   [0 0 0 0 0 1 1 1 1 1 1 1 1]   |   [0 0 0 0 0 1 1 1 1        ]   |   [0 0 0 0 0 1 1 1 1 1      ]   |   [0 0 0 0 0 1 1 1 1        ]   |   [0 0 0 0 0 1 1 1 1 1      ]   |   [0 0 0 0 0 1 1 1 1     +  ]   |   [0 0 0 0 0 1 1 1 1 1     +]   |   [0 0 0 0 0 1 1 1 1        ]   |   [0 0 0 0 0 1 1 1 1 1      ]   |   [0 0 0 0 0 1 1 1 1        ]   |   [0 0 0 0 0 1 1 1 1 1 1 1 1]   |
|   [1 0 0 0 0 1 1 1 1 1 1 1 1]   |   [1 0 0 0 0 1 1 1 1 1 1 1 1]   |   [1 0 0 0 0 1 1 1 1 1 1 1 1]   |   [1 0 0 0 0 1 1 1 1 1 1 1 1]   |   [1 0 0 0 0 1 1 1 1 1 1 1 1]   |   [1 0 0 0 0 1 1 1 1 1 1 1 1]   |   [1 0 0 0 0 1 1 1 1 1 1 1 1]   |   [1 0 0 0 0 1 1 1 1 1 1 1 1]   |   [1 0 0 0 0 1 1 1 1 1 1 1 1]   |   [1 0 0 0 0 1 1 1 1 1 1 1 1]   |   [1 0 0 0 0 1 1 1 1 1 1 1 1]   |   [1 0 0 0 0 1 1 1 1 1 1 1 1]   |   [1 0 0 0 0 1 1 1 1 1 1 1 1]   |   [1 0 0 0 0 1 1 1 1 1 1 1 1]   |   [1 0 0 0 0 1 1 1 1 1 1 1 1]   |   [1 0 0 0 0 1 1 1 1 1 1 1 1]   |   [1 0 0 0 0 1 1 1 1 1 1 1 1]   |   [1 0 0 0 0 1 1 1 1 1 1 1 1]   |   [1 0 0 0 0 1 1 1 1        ]   |   [1 0 0 0 0 1 1 1 1 1      ]   |   [1 0 0 0 0 1 1 1 1        ]   |   [1 0 0 0 0 1 1 1 1 1      ]   |   [1 0 0 0 0 1 1 1 1     +  ]   |   [1 0 0 0 0 1 1 1 1 1     +]   |   [1 0 0 0 0 1 1 1 1        ]   |   [1 0 0 0 0 1 1 1 1 1 1 1 1]   |
|   [1 0 0 0 0 0 1 1 1 1 1 1 0]   |   [1 0 0 0 0 0 1 1 1 1 1 1 0]   |   [1 0 0 0 0 0 1 1 1 1 1 1 0]   |   [1 0 0 0 0 0 1 1 1 1 1 1 0]   |   [1 0 0 0 0 0 1 1 1 1 1 1 0]   |   [1 0 0 0 0 0 1 1 1 1 1 1 0]   |   [1 0 0 0 0 0 1 1 1 1 1 1 0]   |   [1 0 0 0 0 0 1 1 1 1 1 1 0]   |   [1 0 0 0 0 0 1 1 1 1 1 1 0]   |   [1 0 0 0 0 0 1 1 1 1 1 1 0]   |   [1 0 0 0 0 0 1 1 1 1 1 1 0]   |   [1 0 0 0 0 0 1 1 1 1 1 1 0]   |   [1 0 0 0 0 0 1 1 1 1 1 1 0]   |   [1 0 0 0 0 0 1 1 1 1 1 1 0]   |   [1 0 0 0 0 0 1 1 1 1 1 1 0]   |   [1 0 0 0 0 0 1 1 1 1 1 1 0]   |   [1 0 0 0 0 0 1 1 1 1 1 1 0]   |   [1 0 0 0 0 0 1 1 1 1 1 1 0]   |   [1 0 0 0 0 0 1 1 1 1 1 1 0]   |   [1 0 0 0 0 0 1 1 1 1 1 1 0]   |   [1 0 0 0 0 0 1 1 1       .]   |   [1 0 0 0 0 0 1 1 1 1     .]   |   [1 0 0 0 0 0 1 1 1       .]   |   [1 0 0 0 0 0 1 1 1 1     .]   |   [1 0 0 0 0 0 1 1 1     + .]   |   [1 0 0 0 0 0 1 1 1 1 1 1 0]   |
|   [1 1 0 0 0 0 0 0 0 0 0 0 0]   |   [1 1 0 0 0 0 0 0 0 0 0 0 0]   |   [1 1 0 0 0 0 0 0 0 0 0 0 0]   |   [1 1 0 0 0 0 0 0 0 0 0 0 0]   |   [1 1 0 0 0 0 0 0 0 0 0 0 0]   |   [1 1 0 0 0 0 0 0 0 0 0 0 0]   |   [1 1 0 0 0 0 0 0 0 0 0 0 0]   |   [1 1 0 0 0 0 0 0 0 0 0 0 0]   |   [1 1 0 0 0 0 0 0 0 0 0 0 0]   |   [1 1 0 0 0 0 0 0 0 0 0 0 0]   |   [1 1 0 0 0 0 0 0 0 0 0 0 0]   |   [1 1 0 0 0 0 0 0 0 0 0 0 0]   |   [1 1 0 0 0 0 0 0 0 0 0 0 0]   |   [1 1 0 0 0 0 0 0 0 0 0 0 0]   |   [1 1 0 0 0 0 0 0 0 0 0 0 0]   |   [1 1 0 0 0 0 0 0 0 0 0 0 0]   |   [1 1 0 0 0 0 0 0 0 0 0 0 0]   |   [1 1 0 0 0 0 0 0 0 0 0 0 0]   |   [1 1 0 0 0 0 0 0 0 0 0 0 0]   |   [1 1 0 0 0 0 0 0 0 0 0 0 0]   |   [1 1 0 0 0 0 0 0 0 0 0 0 0]   |   [1 1 0 0 0 0 0 0 0 0 0 0 0]   |   [1 1 0 0 0 0 0 0 0 . . . .]   |   [1 1 0 0 0 0 0 0 0 0 . . .]   |   [1 1 0 0 0 0 0 0 0 . . . .]   |   [1 1 0 0 0 0 0 0 0 0 0 0 0]   |
|   [1 1 1 0 0 0 0 0 0 0 0 0 0]   |   [1 1 1 0 0 0 0 0 0 0 0 0 0]   |   [1 1 1 0 0 0 0 0 0 0 0 0 0]   |   [1 1 1 0 0 0 0 0 0 0 0 0 0]   |   [1 1 1 0 0 0 0 0 0 0 0 0 0]   |   [1 1 1 0 0 0 0 0 0 0 0 0 0]   |   [1 1 1 0 0 0 0 0 0 0 0 0 0]   |   [1 1 1 0 0 0 0 0 0 0 0 0 0]   |   [1 1 1 0 0 0 0 0 0 0 0 0 0]   |   [1 1 1 0 0 0 0 0 0 0 0 0 0]   |   [1 1 1 0 0 0 0 0 0 0 0 0 0]   |   [1 1 1 0 0 0 0 0 0 0 0 0 0]   |   [1 1 1 0 0 0 0 0 0 0 0 0 0]   |   [1 1 1 0 0 0 0 0 0 0 0 0 0]   |   [1 1 1 0 0 0 0 0 0 0 0 0 0]   |   [1 1 1 0 0 0 0 0 0 0 0 0 0]   |   [1 1 1 0 0 0 0 0 0 0 0 0 0]   |   [1 1 1 0 0 0 0 0 0 0 0 0 0]   |   [1 1 1 0 0 0 0 0 0 0 0 0 0]   |   [1 1 1 0 0 0 0 0 0 0 0 0 0]   |   [1 1 1 0 0 0 0 0 0 0 0 0 0]   |   [1 1 1 0 0 0 0 0 0 0 0 0 0]   |   [1 1 1 0 0 0 0 0 0 0 0 0 0]   |   [1 1 1 0 0 0 0 0 0 0 0 0 0]   |   [1 1 1 0 0 0 0 0 0 . . . .]   |   [1 1 1 0 0 . . . . . 0 0 0]   |
|   [1 1 1 1 0 0 0 0 0 0 0 0 0]   |   [1 1 1 1 0 0 0 0 0 0 0 0 0]   |   [1 1 1 1 0 0 0 0 0 0 0 0 0]   |   [1 1 1 1 0 0 0 0 0 0 0 0 0]   |   [1 1 1 1 0 0 0 0 0 0 0 0 0]   |   [1 1 1 1 0 0 0 0 0 0 0 0 0]   |   [1 1 1 1 0 0 0 0 0 0 0 0 0]   |   [1 1 1 1 0 0 0 0 0 0 0 0 0]   |   [1 1 1 1 0 0 0 0 0 0 0 0 0]   |   [1 1 1 1 0 0 0 0 0 0 0 0 0]   |   [1 1 1 1 0 0 0 0 0 0 0 0 0]   |   [1 1 1 1 0 0 0 0 0 0 0 0 0]   |   [1 1 1 1 0 0 0 0 0 0 0 0 0]   |   [1 1 1 1 0 0 0 0 0 0 0 0 0]   |   [1 1 1 1 0 0 0 0 0 0 0 0 0]   |   [1 1 1 1 0 0 0 0 0 0 0 0 0]   |   [1 1 1 1 0 0 0 0 0 0 0 0 0]   |   [1 1 1 1 0 0 0 0 0 0 0 0 0]   |   [1 1 1 1 0 0 0 0 0 0 0 0 0]   |   [1 1 1 1 0 0 0 0 0 0 0 0 0]   |   [1 1 1 1 0 0 0 0 0 0 0 0 0]   |   [1 1 1 1 0 0 0 0 0 0 0 0 0]   |   [1 1 1 1 0 0 0 0 0 0 0 0 0]   |   [1 1 1 1 0 0 0 0 0 0 0 0 0]   |   [1 1 1 1 0 0 0 0 0 0 0 0 0]   |   [1 1 1 1 0 . . . . . 0 0 0]   |
|   [1 1 1 1 1 1 1 1 0 0 0 1 1]]  |   [1 1 1 1 1 1 1 1 0 0 0 1 1]]  |   [1 1 1 1 1 1 1 1 0 0 0 1 1]]  |   [1 1 1 1 1 1 1 1 0 0 0 1 1]]  |   [1 1 1 1 1 1 1 1 0 0 0 1 1]]  |   [1 1 1 1 1 1 1 1 0 0 0 1 1]]  |   [1 1 1 1 1 1 1 1 0 0 0 1 1]]  |   [1 1 1 1 1 1 1 1 0 0 0 1 1]]  |   [1 1 1 1 1 1 1 1 0 0 0 1 1]]  |   [1 1 1 1 1 1 1 1 0 0 0 1 1]]  |   [1 1 1 1 1 1 1 1 0 0 0 1 1]]  |   [1 1 1 1 1 1 1 1 0 0 0 1 1]]  |   [1 1 1 1 1 1 1 1 0 0 0 1 1]]  |   [1 1 1 1 1 1 1 1 0 0 0 1 1]]  |   [1 1 1 1 1 1 1 1 0 0 0 1 1]]  |   [1 1 1 1 1 1 1 1 0 0 0 1 1]]  |   [1 1 1 1 1 1 1 1 0 0 0 1 1]]  |   [1 1 1 1 1 1 1 1 0 0 0 1 1]]  |   [1 1 1 1 1 1 1 1 0 0 0 1 1]]  |   [1 1 1 1 1 1 1 1 0 0 0 1 1]]  |   [1 1 1 1 1 1 1 1 0 0 0 1 1]]  |   [1 1 1 1 1 1 1 1 0 0 0 1 1]]  |   [1 1 1 1 1 1 1 1 0 0 0 1 1]]  |   [1 1 1 1 1 1 1 1 0 0 0 1 1]]  |   [1 1 1 1 1 1 1 1 0 0 0 1 1]]  |   [1 1 1 1 1     + . . 0 1 1]]  |
|                                 |                                 |                                 |                                 |                                 |                                 |                                 |                                 |                                 |                                 |                                 |                                 |                                 |                                 |                                 |                                 |                                 |                                 |                                 |                                 |                                 |                                 |                                 |                                 |                                 |                                 |
|  [[         ]                   |  [[            . . . . . .  ]   |  [[            . . . . . .  ]   |  [[            . . . . . .  ]   |  [[            . . . . . .  ]   |  [[            . . . . . .  ]   |  [[            . . . . . .  ]   |  [[            . . . . . .  ]   |  [[            . . . . . .  ]   |  [[            . . . . . .  ]   |  [[            . . . . . .  ]   |  [[            . . . . . .  ]   |  [[            . . . . . .  ]   |  [[            . . . . . .  ]   |  [[            . . . . . .  ]   |  [[            . . . . . .  ]   |  [[            . . . . . .  ]   |  [[            . . . . . .  ]   |  [[            . . . . . .  ]   |  [[            . . . . . .  ]   |  [[       ]                     |  [[     ]                       |  [[       ]                     |  [[     ]                       |  [[       ]                     |  [[. . . . .]                   |
|   [        .]                   |   [        . . . . . . . . .]   |   [        . . . . . . . . .]   |   [        . . . . . . . . .]   |   [        . . . . . . . . .]   |   [        . . . . . . . . .]   |   [        . . . . . . . . .]   |   [        . . . . . . . . .]   |   [        . . . . . . . . .]   |   [        . . . . . . . . .]   |   [        . . . . . . . . .]   |   [        . . . . . . . . .]   |   [        . . . . . . . . .]   |   [        . . . . . . . . .]   |   [        . . . . . . . . .]   |   [        . . . . . . . . .]   |   [        . . . . . . . . .]   |   [        . . . . . . . . .]   |   [        . . . . . . . . .]   |   [        . . . . . . . . .]   |   [       ]                     |   [     ]                       |   [       ]                     |   [     ]                       |   [       ]                     |   [. . # . .]                   |
|   [    + # .]                   |   [      . . . . . . . . . .]   |   [      . . . . . . . . . .]   |   [      . . . . . . . . . .]   |   [      . . . . . . . . . .]   |   [      . . . . . . . . . .]   |   [      . . . . . . . . . .]   |   [      . . . . . . . . . .]   |   [      . . . . . . . . . .]   |   [      . . . . . . . . . .]   |   [      . . . . . . . . . .]   |   [      . . . . . . . . . .]   |   [      . . . . . . . . . .]   |   [      . . . . . . . . . .]   |   [      . . . . . . . . . .]   |   [      . . . . . . . . . .]   |   [      . . . . . . . . . .]   |   [      . . . . . . . . . .]   |   [      . . . . . . . . . .]   |   [      . . . . . . . . . .]   |   [    +  ]                     |   [    +]                       |   [    +  ]                     |   [    +]                       |   [    + #]                     |   [    + # .]]                  |
|   [    # . .]                   |   [    . . . . . .     . . .]   |   [    . . . . . .     . . .]   |   [    . . . . . .     . . .]   |   [    . . . . . .     . . .]   |   [    . . . . . .     . . .]   |   [    . . . . . .     . . .]   |   [    . . . . . .     . . .]   |   [    . . . . . .     . . .]   |   [    . . . . . .     . . .]   |   [    . . . . . .     . . .]   |   [    . . . . . .     . . .]   |   [    . . . . . .     . . .]   |   [    . . . . . .     . . .]   |   [    . . . . . .     . . .]   |   [    . . . . . .     . . .]   |   [    . . . . . .     . . .]   |   [    . . . . . .     . . .]   |   [    . . . . . .     . . .]   |   [    . . . . . .     . . .]   |   [       ]                     |   [     ]                       |   [      #]                     |   [    #]                       |   [. . # .]                     |                                 |
|   [  . . . .]]                  |   [  . . . . .             .]   |   [  . . . . .             .]   |   [  . . . . .             .]   |   [  . . . . .             #]   |   [  . . . . .             #]   |   [  . . . . .             .]   |   [  . . . . .             .]   |   [  . . . . .             .]   |   [  . . . . .             .]   |   [  . . . . .             .]   |   [  . . . . .             .]   |   [  . . . . .             .]   |   [  . . . . .             .]   |   [  . . . . .             .]   |   [  . . . . .             .]   |   [  . . . . .             .]   |   [  . . . . .             .]   |   [  . . . . .             .]   |   [  . . . . .             .]   |   [      #]]                    |   [    #]]                      |   [. . . .]]                    |   [. . .]]                      |   [. . . .]]                    |                                 |
|                                 |   [  . . . .                ]   |   [  . . . .                ]   |   [  . . . .                ]   |   [  . . . .                ]   |   [  . . . .                ]   |   [  . . . .                ]   |   [  . . . .                ]   |   [  . . . .                ]   |   [  . . . .                ]   |   [  . . . .                ]   |   [  . . . .                ]   |   [  . . . .                ]   |   [  . . . .                ]   |   [  . . . .                ]   |   [  . . . .                ]   |   [  . . . .                ]   |   [  . . . .                ]   |   [  . . . .                ]   |   [  . . . .                ]   |                                 |                                 |                                 |                                 |                                 |                                 |
|   > MIN: 1.0                    |   [. . . .                  ]   |   [. . . .                  ]   |   [. . . .                  ]   |   [. . . .                  ]   |   [. . . .                  ]   |   [. . . .                  ]   |   [. . . .                  ]   |   [. . . .                  ]   |   [. . . .                  ]   |   [. . . .                  ]   |   [. . . .                  ]   |   [. . . .                  ]   |   [. . . .                  ]   |   [. . . .                  ]   |   [. . . .                  ]   |   [. . . .                  ]   |   [. . . .                  ]   |   [. . . .                  ]   |   [. . . .                  ]   |   > MIN: 2.23606797749979       |   > MIN: 2.0                    |   > MIN: 1.4142135623730951     |   > MIN: 1.0                    |   > MIN: 1.0                    |   > MIN: 1.0                    |
|                                 |   [. . . .                  ]   |   [. . . .                  ]   |   [. . . .                  ]   |   [. . . .                  ]   |   [. . . .                  ]   |   [. . . .                  ]   |   [. . . .                  ]   |   [. . . .                  ]   |   [. . . .                  ]   |   [. . . .                  ]   |   [. . . .                  ]   |   [. . . .                  ]   |   [. . . .                  ]   |   [. . . .                  ]   |   [. . . .                  ]   |   [. . . .                  ]   |   [. . . .                  ]   |   [. . . .                  ]   |   [. . . .                  ]   |                                 |                                 |                                 |                                 |                                 |                                 |
|   [ count / plus: 1             |   [. . . .                  ]   |   [. . . .                  ]   |   [. . . .                  ]   |   [. . . .                  ]   |   [. . . .                  ]   |   [. . . .                  ]   |   [. . . .                  ]   |   [. . . .                  ]   |   [. . . .                  ]   |   [. . . .                  ]   |   [. . . .                  ]   |   [. . . .                  ]   |   [. . . .                  ]   |   [. . . .                  ]   |   [. . . .                  ]   |   [. . . .                  ]   |   [. . . .                  ]   |   [. . . .                  ]   |   [. . . .                  ]   |   [ count / plus:   5           |   [ count / plus:   4           |   [ count / plus:   2           |   [ count / plus:   1           |   [ count / plus:   1           |   [ count / plus:   1           |
|          / total: 1 ]           |   [. . . .                  ]   |   [. . . .                  ]   |   [. . . .                  ]   |   [. . . .                  ]   |   [. . . .                  ]   |   [. . . .                  ]   |   [. . . .                  ]   |   [. . . .                  ]   |   [. . . .                  ]   |   [. . . .                  ]   |   [. . . .                  ]   |   [. . . .                  ]   |   [. . . .                  ]   |   [. . . .                  ]   |   [. . . .                  ]   |   [. . . .                  ]   |   [. . . .                  ]   |   [. . . .                  ]   |   [. . . .                  ]   |          / total: 580 ]         |          / total: 584 ]         |          / total: 586 ]         |          / total: 587 ]         |          / total: 588 ]         |          / total: 589 ]         |
|                                 |   [. . . .                  ]   |   [. . . .                  ]   |   [. . . .                  ]   |   [. . . .                  ]   |   [. . . .                  ]   |   [. . . .                  ]   |   [. . . .                  ]   |   [. . . .                  ]   |   [. . . .                  ]   |   [. . . .                  ]   |   [. . . .                  ]   |   [. . . .                  ]   |   [. . . .                  ]   |   [. . . .                  ]   |   [. . . .                  ]   |   [. . . .                  ]   |   [. . . .                  ]   |   [. . . .                  ]   |   [. . . .                  ]   |                                 |                                 |                                 |                                 |                                 |                                 |
|                                 |   [. . . #         +        ]   |   [. . . #           +      ]   |   [. . . #             +    ]   |   [. . . .               +  ]   |   [. . . .                 +]   |   [. . . .                  ]   |   [. . . .                  ]   |   [. . . .                  ]   |   [. . . .                  ]   |   [. . . .                  ]   |   [. . . .                  ]   |   [. . . .                  ]   |   [. . . .                  ]   |   [. . . .                  ]   |   [. . . .                  ]   |   [. . . .                  ]   |   [. . . .                  ]   |   [. . . .                  ]   |   [. . . .                  ]   |                                 |                                 |                                 |                                 |                                 |                                 |
|                                 |   [. . . .                  ]   |   [. . . .                  ]   |   [. . . .                  ]   |   [. . . .                  ]   |   [. . . .                  ]   |   [. . . #         +        ]   |   [. . . #           +      ]   |   [. . . .             +    ]   |   [. . . .               +  ]   |   [. . . .                 +]   |   [. . . .                  ]   |   [. . . .                  ]   |   [. . . .                  ]   |   [. . . .                  ]   |   [. . . .                  ]   |   [. . . .                  ]   |   [. . . .                  ]   |   [. . . .                  ]   |   [. . . .                  ]   |                                 |                                 |                                 |                                 |                                 |                                 |
|                                 |   [. . . .                  ]   |   [. . . .                  ]   |   [. . . .                  ]   |   [. . . .                  ]   |   [. . . .                  ]   |   [. . . .                  ]   |   [. . . .                  ]   |   [. . . .                  ]   |   [. . . .                  ]   |   [. . . .                  ]   |   [. . . #         +        ]   |   [. . . .           +      ]   |   [. . . .             +    ]   |   [. . . .               +  ]   |   [. . . .                 +]   |   [. . . .                  ]   |   [. . . .                  ]   |   [. . . .                  ]   |   [. . . .                  ]   |                                 |                                 |                                 |                                 |                                 |                                 |
|                                 |   [. . . .                  ]   |   [. . . .                  ]   |   [. . . .                  ]   |   [. . . .                  ]   |   [. . . .                  ]   |   [. . . .                  ]   |   [. . . .                  ]   |   [. . . .                  ]   |   [. . . .                  ]   |   [. . . .                  ]   |   [. . . .                  ]   |   [. . . .                  ]   |   [. . . .                  ]   |   [. . . .                  ]   |   [. . . .                  ]   |   [. . . .               +  ]   |   [. . . .                 +]   |   [. . . .                  ]   |   [. . . .                  ]   |                                 |                                 |                                 |                                 |                                 |                                 |
|                                 |   [. . . .                  ]   |   [. . . .                  ]   |   [. . . .                  ]   |   [. . . .                  ]   |   [. . . .                  ]   |   [. . . .                  ]   |   [. . . .                  ]   |   [. . . .                  ]   |   [. . . .                  ]   |   [. . . .                  ]   |   [. . . .                  ]   |   [. . . .                  ]   |   [. . . .                  ]   |   [. . . .                  ]   |   [. . . .                  ]   |   [. . . .                  ]   |   [. . . .                  ]   |   [. . . .               +  ]   |   [. . . .                 +]   |                                 |                                 |                                 |                                 |                                 |                                 |
|                                 |   [. . . . .                ]   |   [. . . . .                ]   |   [. . . . .                ]   |   [. . . . .                ]   |   [. . . . .                ]   |   [. . . . .                ]   |   [. . . . .                ]   |   [. . . . .                ]   |   [. . . . .                ]   |   [. . . . .                ]   |   [. . . . #                ]   |   [. . . . #                ]   |   [. . . . .                ]   |   [. . . . .                ]   |   [. . . . .                ]   |   [. . . . .                ]   |   [. . . . .                ]   |   [. . . . .                ]   |   [. . . . .                ]   |                                 |                                 |                                 |                                 |                                 |                                 |
|                                 |   [  . . . .                ]   |   [  . . . .                ]   |   [  . . . .                ]   |   [  . . . .                ]   |   [  . . . .                ]   |   [  . . . .                ]   |   [  . . . .                ]   |   [  . . . .                ]   |   [  . . . .                ]   |   [  . . . .                ]   |   [  . . . .                ]   |   [  . . . .                ]   |   [  . . . .                ]   |   [  . . . .                ]   |   [  . . . .                ]   |   [  . . . .                ]   |   [  . . . .                ]   |   [  . . . .                ]   |   [  . . . .                ]   |                                 |                                 |                                 |                                 |                                 |                                 |
|                                 |   [  . . . . .             .]   |   [  . . . . .             .]   |   [  . . . . .             .]   |   [  . . . . .             #]   |   [  . . . . .             #]   |   [  . . . . .             .]   |   [  . . . . .             .]   |   [  . . . . .             #]   |   [  . . . . .             #]   |   [  . . . . .             #]   |   [  . . . . .             .]   |   [  . . . . .             #]   |   [  . . . . .             #]   |   [  . . . . .             #]   |   [  . . . . .             #]   |   [  . . . . .             #]   |   [  . . . . .             #]   |   [  . . . . .             #]   |   [  . . . . .             #]   |                                 |                                 |                                 |                                 |                                 |                                 |
|                                 |   [    . . . . . . . . . . .]   |   [    . . . . . . . . . . .]   |   [    . . . . . . . . . . .]   |   [    . . . . . . . . . . .]   |   [    . . . . . . . . . . .]   |   [    . . . . . . . . . . .]   |   [    . . . . . . . . . . .]   |   [    . . . . . . . . . . .]   |   [    . . . . . . . . . . .]   |   [    . . . . . . . . . . .]   |   [    . . . . . . . . . . .]   |   [    . . . . . . . . . . .]   |   [    . . . . . . . . . . .]   |   [    . . . . . . . . . . .]   |   [    . . . . . . . . . . .]   |   [    . . . . . . . . . . .]   |   [    . . . . . . . . . . .]   |   [    . . . . . . . . . . .]   |   [    . . . . . . . . . . .]   |                                 |                                 |                                 |                                 |                                 |                                 |
|                                 |   [      . . . . . . . . . .]   |   [      . . . . . . . . . .]   |   [      . . . . . . . . . .]   |   [      . . . . . . . . . .]   |   [      . . . . . . . . . .]   |   [      . . . . . . . . . .]   |   [      . . . . . . . . . .]   |   [      . . . . . . . . . .]   |   [      . . . . . . . . . .]   |   [      . . . . . . . . . .]   |   [      . . . . . . . . . .]   |   [      . . . . . . . . . .]   |   [      . . . . . . . . . .]   |   [      . . . . . . . . . .]   |   [      . . . . . . . . . .]   |   [      . . . . . . . . . .]   |   [      . . . . . . . . . .]   |   [      . . . . . . . . . .]   |   [      . . . . . . . . . .]   |                                 |                                 |                                 |                                 |                                 |                                 |
|                                 |   [        . . . . . . . . .]   |   [        . . . . . . . . .]   |   [        . . . . . . . . .]   |   [        . . . . . . . . .]   |   [        . . . . . . . . .]   |   [        . . . . . . . . .]   |   [        . . . . . . . . .]   |   [        . . . . . . . . .]   |   [        . . . . . . . . .]   |   [        . . . . . . . . .]   |   [        . . . . . . . . .]   |   [        . . . . . . . . .]   |   [        . . . . . . . . .]   |   [        . . . . . . . . .]   |   [        . . . . . . . . .]   |   [        . . . . . . . . .]   |   [        . . . . . . . . .]   |   [        . . . . . . . . .]   |   [        . . . . . . . . .]   |                                 |                                 |                                 |                                 |                                 |                                 |
|                                 |   [                . . .    ]]  |   [                . . .    ]]  |   [                . . .    ]]  |   [                . . .    ]]  |   [                . . .    ]]  |   [                . . .    ]]  |   [                . . .    ]]  |   [                . . .    ]]  |   [                . . .    ]]  |   [                . . .    ]]  |   [                . . .    ]]  |   [                . . .    ]]  |   [                . . .    ]]  |   [                . . .    ]]  |   [                . . .    ]]  |   [                . . .    ]]  |   [                . . .    ]]  |   [                . . .    ]]  |   [                . . .    ]]  |                                 |                                 |                                 |                                 |                                 |                                 |
|                                 |                                 |                                 |                                 |                                 |                                 |                                 |                                 |                                 |                                 |                                 |                                 |                                 |                                 |                                 |                                 |                                 |                                 |                                 |                                 |                                 |                                 |                                 |                                 |                                 |                                 |
|                                 |   > MIN: 5.0                    |   > MIN: 6.0                    |   > MIN: 7.0                    |   > MIN: 7.0710678118654755     |   > MIN: 7.0                    |   > MIN: 5.0                    |   > MIN: 6.0                    |   > MIN: 6.324555320336759      |   > MIN: 6.082762530298219      |   > MIN: 6.0                    |   > MIN: 5.0                    |   > MIN: 5.830951894845301      |   > MIN: 5.385164807134504      |   > MIN: 5.0990195135927845     |   > MIN: 5.0                    |   > MIN: 4.123105625617661      |   > MIN: 4.0                    |   > MIN: 3.1622776601683795     |   > MIN: 3.0                    |                                 |                                 |                                 |                                 |                                 |                                 |
|                                 |                                 |                                 |                                 |                                 |                                 |                                 |                                 |                                 |                                 |                                 |                                 |                                 |                                 |                                 |                                 |                                 |                                 |                                 |                                 |                                 |                                 |                                 |                                 |                                 |                                 |
|                                 |   [ count / plus: 25            |   [ count / plus: 36            |   [ count / plus:  49           |   [ count / plus:  50           |   [ count / plus:  49           |   [ count / plus:  25           |   [ count / plus:  36           |   [ count / plus:  40           |   [ count / plus:  37           |   [ count / plus:  36           |   [ count / plus:  25           |   [ count / plus:  34           |   [ count / plus:  29           |   [ count / plus:  26           |   [ count / plus:  25           |   [ count / plus:  17           |   [ count / plus:  16           |   [ count / plus:  10           |   [ count / plus:   9           |                                 |                                 |                                 |                                 |                                 |                                 |
|                                 |          / total: 26 ]          |          / total: 62 ]          |          / total: 111 ]         |          / total: 161 ]         |          / total: 210 ]         |          / total: 235 ]         |          / total: 271 ]         |          / total: 311 ]         |          / total: 348 ]         |          / total: 384 ]         |          / total: 409 ]         |          / total: 443 ]         |          / total: 472 ]         |          / total: 498 ]         |          / total: 523 ]         |          / total: 540 ]         |          / total: 556 ]         |          / total: 566 ]         |          / total: 575 ]         |                                 |                                 |                                 |                                 |                                 |                                 |

---------------------------------------------------------------------------------------------------------------------------------------------------------------------------------------------------------------------------------------------------------------------------------------------------------------------------------------------------------------------------------------------------------------------------------------------------------------------------------------------------------------------------------------------------------------------------------------------------------------------------------------------------------------------------------------------------------------------------------------------------------------------------------------------------------------------------------------------------------------------------------------------------------------------