-------------------------------------------------------------------------------------------------------

|  [[+     0 0 0 0 0 0 1 1 1 1]   |  [[  +   . 0 0 0 0 0 1 1 1 1]   |  [[    + . . 0 0 0 0 1 1 1 1]   |
|   [. . . 0 0 0 0 0 0 0 0 1 1]   |   [. . . . 0 0 0 0 0 0 0 1 1]   |   [. . . . . 0 0 0 0 0 0 1 1]   |
|   [. . . 0 0 0 0 0 0 0 0 0 1]   |   [. . . . 0 0 0 0 0 0 0 0 1]   |   [. . . . . 0 0 0 0 0 0 0 1]   |
|   [0 0 0 0 1 1 1 0 0 0 0 0 0]   |   [0 0 0 0 1 1 1 0 0 0 0 0 0]   |   [0 0 0 0 1 1 1 0 0 0 0 0 0]   |
|   [1 1 1 1 1 1 1 1 1 0 0 0 0]   |   [1 1 1 1 1 1 1 1 1 0 0 0 0]   |   [1 1 1 1 1 1 1 1 1 0 0 0 0]   |
|   [1 1 1 1 1 1 1 1 1 1 0 0 0]   |   [1 1 1 1 1 1 1 1 1 1 0 0 0]   |   [1 1 1 1 1 1 1 1 1 1 0 0 0]   |
|   [1 1 1 1 1 1 1 1 1 1 0 0 0]   |   [1 1 1 1 1 1 1 1 1 1 0 0 0]   |   [1 1 1 1 1 1 1 1 1 1 0 0 0]   |
|   [1 1 1 1 1 1 1 1 1 0 0 0 0]   |   [1 1 1 1 1 1 1 1 1 0 0 0 0]   |   [1 1 1 1 1 1 1 1 1 0 0 0 0]   |
|   [1 1 1 1 1 1 1 1 0 0 0 0 0]   |   [1 1 1 1 1 1 1 1 0 0 0 0 0]   |   [1 1 1 1 1 1 1 1 0 0 0 0 0]   |
|   [1 1 1 0 0 0 0 0 0 0 0 0 1]   |   [1 1 1 0 0 0 0 0 0 0 0 0 1]   |   [1 1 1 0 0 0 0 0 0 0 0 0 1]   |
|   [1 1 1 0 0 0 0 0 0 0 0 1 1]   |   [1 1 1 0 0 0 0 0 0 0 0 1 1]   |   [1 1 1 0 0 0 0 0 0 0 0 1 1]   |
|   [1 1 1 0 0 0 0 0 0 0 0 0 1]   |   [1 1 1 0 0 0 0 0 0 0 0 0 1]   |   [1 1 1 0 0 0 0 0 0 0 0 0 1]   |
|   [1 1 1 1 1 1 1 1 0 0 0 0 0]   |   [1 1 1 1 1 1 1 1 0 0 0 0 0]   |   [1 1 1 1 1 1 1 1 0 0 0 0 0]   |
|   [1 1 1 1 1 1 1 1 1 0 0 0 0]   |   [1 1 1 1 1 1 1 1 1 0 0 0 0]   |   [1 1 1 1 1 1 1 1 1 0 0 0 0]   |
|   [1 1 1 1 1 1 1 1 1 1 0 0 0]   |   [1 1 1 1 1 1 1 1 1 1 0 0 0]   |   [1 1 1 1 1 1 1 1 1 1 0 0 0]   |
|   [1 1 1 1 1 1 1 1 1 1 0 0 0]   |   [1 1 1 1 1 1 1 1 1 1 0 0 0]   |   [1 1 1 1 1 1 1 1 1 1 0 0 0]   |
|   [1 1 1 1 1 1 1 1 1 1 0 0 0]   |   [1 1 1 1 1 1 1 1 1 1 0 0 0]   |   [1 1 1 1 1 1 1 1 1 1 0 0 0]   |
|   [1 1 1 1 1 1 1 1 1 1 0 0 0]   |   [1 1 1 1 1 1 1 1 1 1 0 0 0]   |   [1 1 1 1 1 1 1 1 1 1 0 0 0]   |
|   [0 0 1 1 1 1 1 1 1 0 0 0 0]   |   [0 0 1 1 1 1 1 1 1 0 0 0 0]   |   [0 0 1 1 1 1 1 1 1 0 0 0 0]   |
|   [0 0 0 0 0 0 0 0 0 0 0 0 0]   |   [0 0 0 0 0 0 0 0 0 0 0 0 0]   |   [0 0 0 0 0 0 0 0 0 0 0 0 0]   |
|   [0 0 0 0 0 0 0 0 0 0 0 0 1]   |   [0 0 0 0 0 0 0 0 0 0 0 0 1]   |   [0 0 0 0 0 0 0 0 0 0 0 0 1]   |
|   [0 0 0 0 0 0 0 0 0 0 0 1 1]   |   [0 0 0 0 0 0 0 0 0 0 0 1 1]   |   [0 0 0 0 0 0 0 0 0 0 0 1 1]   |
|   [1 1 1 1 0 0 0 0 1 1 1 1 1]]  |   [1 1 1 1 0 0 0 0 1 1 1 1 1]]  |   [1 1 1 1 0 0 0 0 1 1 1 1 1]]  |
|                                 |                                 |                                 |
|  [[+    ]                       |  [[  +   .]                     |  [[    + # .]                   |
|   [# . .]                       |   [. # . .]                     |   [. . # . .]                   |
|   [. . .]]                      |   [. . . .]]                    |   [. . . . .]]                  |
|                                 |                                 |                                 |
|                                 |                                 |                                 |
|                                 |                                 |                                 |
|   > MIN: 1.0                    |   > MIN: 1.0                    |   > MIN: 1.0                    |
|                                 |                                 |                                 |
|   [ count / plus: 1             |   [ count / plus: 1             |   [ count / plus: 1             |
|          / total: 1 ]           |          / total: 2 ]           |          / total: 3 ]           |

--------------------------------------------------------------------------------------------------------------------------------

|  [[+ . . 0 0]                   |  [[  . . 0 0]                   |  [[  . . . 0]                   |  [[  . . . .]          |
|   [      1 0]                   |   [+     1 0]                   |   [  +     0]                   |   [    +   .]          |
|   [  . . 0 0]                   |   [  . . 0 0]                   |   [  . . . 0]                   |   [  . . . .]          |
|   [0 0 1 1 0]                   |   [. .   1 0]                   |   [. .     0]                   |   [. .     .]          |
|   [0 0 1 1 0]                   |   [0 0 1 1 0]                   |   [0 0 1 1 0]                   |   [0 0 1 1 0]          |
|   [1 0 0 0 0]]                  |   [1 0 0 0 0]]                  |   [1 0 0 0 0]]                  |   [1 0 0 0 0]]         |
|                                 |                                 |                                 |                        |
|  [[+ # .]                       |  [[  # .]                       |  [[  # . .]                     |  [[  . # . .]          |
|   [     ]                       |   [+    ]                       |   [  +    ]                     |   [    +   .]          |
|   [  . .]]                      |   [  # .]                       |   [  # . .]                     |   [  . # . .]          |
|                                 |   [. .  ]]                      |   [. .    ]]                    |   [. .     .]]         |
|                                 |                                 |                                 |                        |
|                                 |                                 |                                 |                        |
|   > MIN: 1.0                    |   > MIN: 1.4142135623730951     |   > MIN: 1.0                    |   > MIN: 1.0           |
|                                 |                                 |                                 |                        |
|   [ count / plus: 1             |   [ count / plus: 2             |   [ count / plus: 1             |   [ count / plus: 1    |
|          / total: 1 ]           |          / total: 3 ]           |          / total: 4 ]           |          / total: 5 ]  |

--------------------------------------------------------------------------------------------------------------------------------