[ a ]
0.7222222222222222
(18, 13)
[[1 1 1 1 1 0 0 0 0 1 1 1 1]
 [1 1 0 0 0 0 0 0 0 0 0 0 1]
 [1 1 0 0 0 0 0 0 0 0 0 0 0]
 [1 1 0 0 0 0 0 1 0 0 0 0 0]
 [1 1 0 1 1 1 1 1 1 1 0 0 0]
 [1 1 1 1 1 1 1 1 1 1 1 0 0]
 [1 1 1 1 1 1 1 0 0 0 0 0 0]
 [1 1 1 0 0 0 0 0 0 0 0 0 0]
 [1 1 0 0 0 0 0 0 0 0 0 0 0]
 [1 0 0 0 0 0 0 1 1 1 1 0 0]
 [1 0 0 0 0 1 1 1 1 1 1 0 0]
 [0 0 0 0 1 1 1 1 1 1 0 0 0]
 [0 0 0 0 1 1 1 1 1 1 0 0 0]
 [1 0 0 0 1 1 1 1 1 0 0 0 0]
 [1 0 0 0 0 0 0 0 0 0 0 0 0]
 [1 0 0 0 0 0 0 0 0 0 0 0 0]
 [1 1 0 0 0 0 0 0 0 0 1 0 0]
 [1 1 1 1 1 0 0 1 1 1 1 1 1]]

[ b ]
0.5416666666666666
(24, 13)
[[1 0 0 1 1 1 1 1 1 1 1 1 1]
 [0 0 0 0 1 1 1 1 1 1 1 1 1]
 [0 0 0 0 1 1 1 1 1 1 1 1 1]
 [0 0 0 0 1 1 1 1 1 1 1 1 1]
 [0 0 0 0 1 1 1 1 1 1 1 1 1]
 [0 0 0 0 1 1 1 1 1 1 1 1 1]
 [0 0 0 0 1 1 0 0 0 1 1 1 1]
 [0 0 0 0 0 0 0 0 0 0 0 1 1]
 [0 0 0 0 0 0 0 0 0 0 0 0 0]
 [0 0 0 0 0 0 0 1 0 0 0 0 0]
 [0 0 0 0 0 1 1 1 1 1 0 0 0]
 [0 0 0 0 0 1 1 1 1 1 0 0 0]
 [0 0 0 0 1 1 1 1 1 1 0 0 0]
 [0 0 0 0 1 1 1 1 1 1 1 0 0]
 [0 0 0 0 1 1 1 1 1 1 1 0 0]
 [0 0 0 0 1 1 1 1 1 1 1 0 0]
 [0 0 0 0 1 1 1 1 1 1 1 0 0]
 [0 0 0 0 1 1 1 1 1 1 0 0 0]
 [0 0 0 0 0 1 1 1 1 1 0 0 0]
 [0 0 0 0 0 1 1 1 1 0 0 0 0]
 [0 0 0 0 0 0 0 0 0 0 0 0 0]
 [0 0 0 0 0 0 0 0 0 0 0 0 1]
 [1 0 0 0 0 0 0 0 0 0 0 1 1]
 [1 1 1 1 1 1 1 0 0 1 1 1 1]]

[ c ]
0.6666666666666666
(18, 12)
[[1 1 1 1 1 1 0 0 0 0 1 1]
 [1 1 1 1 0 0 0 0 0 0 0 0]
 [1 1 0 0 0 0 0 0 0 0 0 0]
 [1 1 0 0 0 0 0 0 1 0 0 0]
 [1 0 0 0 0 1 1 1 1 1 1 1]
 [1 0 0 0 0 1 1 1 1 1 1 1]
 [0 0 0 0 1 1 1 1 1 1 1 1]
 [0 0 0 0 1 1 1 1 1 1 1 1]
 [0 0 0 0 1 1 1 1 1 1 1 1]
 [0 0 0 0 1 1 1 1 1 1 1 1]
 [0 0 0 0 1 1 1 1 1 1 1 1]
 [0 0 0 0 1 1 1 1 1 1 1 1]
 [1 0 0 0 0 1 1 1 1 1 1 1]
 [1 0 0 0 0 1 1 1 1 1 1 0]
 [1 1 0 0 0 0 0 0 0 0 0 0]
 [1 1 0 0 0 0 0 0 0 0 0 0]
 [1 1 1 1 0 0 0 0 0 0 0 0]
 [1 1 1 1 1 1 1 0 0 0 1 1]]

[ d ]
0.5416666666666666
(24, 13)
[[1 1 1 1 1 1 1 1 1 1 1 0 0]
 [1 1 1 1 1 1 1 1 1 1 1 0 0]
 [1 1 1 1 1 1 1 1 1 1 1 0 0]
 [1 1 1 1 1 1 1 1 1 1 1 0 0]
 [1 1 1 1 1 1 1 1 1 1 1 0 0]
 [1 1 1 1 1 1 1 1 1 1 1 0 0]
 [1 1 1 1 1 0 0 0 1 1 1 0 0]
 [1 1 1 0 0 0 0 0 0 0 1 0 0]
 [1 1 0 0 0 0 0 0 0 0 0 0 0]
 [1 1 0 0 0 0 0 0 0 0 0 0 0]
 [1 0 0 0 0 1 1 1 1 0 0 0 0]
 [1 0 0 0 0 1 1 1 1 1 0 0 0]
 [1 0 0 0 1 1 1 1 1 1 0 0 0]
 [0 0 0 0 1 1 1 1 1 1 0 0 0]
 [0 0 0 0 1 1 1 1 1 1 1 0 0]
 [0 0 0 0 1 1 1 1 1 1 1 0 0]
 [0 0 0 0 1 1 1 1 1 1 0 0 0]
 [1 0 0 0 1 1 1 1 1 1 0 0 0]
 [1 0 0 0 0 1 1 1 1 1 0 0 0]
 [1 0 0 0 0 1 1 1 1 0 0 0 0]
 [1 1 0 0 0 0 0 0 0 0 0 0 0]
 [1 1 0 0 0 0 0 0 0 0 0 0 0]
 [1 1 1 0 0 0 0 0 0 0 1 0 0]
 [1 1 1 1 1 1 0 0 1 1 1 1 1]]

[ e ]
0.7222222222222222
(18, 13)
[[1 1 1 1 1 1 0 0 0 1 1 1 1]
 [1 1 1 0 0 0 0 0 0 0 0 1 1]
 [1 1 0 0 0 0 0 0 0 0 0 0 0]
 [1 0 0 0 0 0 0 1 0 0 0 0 0]
 [1 0 0 0 0 1 1 1 1 1 0 0 0]
 [0 0 0 0 1 1 1 1 1 1 0 0 0]
 [0 0 0 0 0 0 0 0 0 0 0 0 0]
 [0 0 0 0 0 0 0 0 0 0 0 0 0]
 [0 0 0 0 0 0 0 0 0 0 0 0 0]
 [0 0 0 1 1 1 1 1 1 1 1 1 1]
 [0 0 0 1 1 1 1 1 1 1 1 1 1]
 [0 0 0 0 1 1 1 1 1 1 1 1 1]
 [0 0 0 0 1 1 1 1 1 1 1 1 1]
 [1 0 0 0 0 1 1 1 1 1 1 1 0]
 [1 0 0 0 0 0 0 0 0 0 0 0 0]
 [1 1 0 0 0 0 0 0 0 0 0 0 0]
 [1 1 1 0 0 0 0 0 0 0 0 0 0]
 [1 1 1 1 1 1 0 0 0 0 1 1 1]]

[ f ]
0.5217391304347826
(23, 12)
[[1 1 1 1 1 1 1 1 1 0 0 0]
 [1 1 1 1 1 1 0 0 0 0 0 0]
 [1 1 1 1 1 0 0 0 0 0 0 0]
 [1 1 1 1 1 0 0 0 0 0 0 0]
 [1 1 1 1 0 0 0 0 1 1 1 1]
 [1 1 1 1 0 0 0 0 1 1 1 1]
 [1 1 1 1 0 0 0 0 1 1 1 1]
 [0 0 0 0 0 0 0 0 0 0 0 0]
 [0 0 0 0 0 0 0 0 0 0 0 0]
 [0 0 0 0 0 0 0 0 0 0 0 0]
 [1 1 1 1 0 0 0 0 1 1 1 1]
 [1 1 1 1 0 0 0 0 1 1 1 1]
 [1 1 1 1 0 0 0 0 1 1 1 1]
 [1 1 1 1 0 0 0 0 1 1 1 1]
 [1 1 1 1 0 0 0 0 1 1 1 1]
 [1 1 1 1 0 0 0 0 1 1 1 1]
 [1 1 1 1 0 0 0 0 1 1 1 1]
 [1 1 1 1 0 0 0 0 1 1 1 1]
 [1 1 1 1 0 0 0 0 1 1 1 1]
 [1 1 1 1 0 0 0 0 1 1 1 1]
 [1 1 1 1 0 0 0 0 1 1 1 1]
 [1 1 1 1 0 0 0 0 1 1 1 1]
 [1 1 1 1 0 0 0 0 1 1 1 1]]

[ g ]
0.5652173913043478
(23, 13)
[[1 1 1 1 1 0 0 0 1 1 1 1 1]
 [1 1 1 0 0 0 0 0 0 0 1 0 0]
 [1 1 0 0 0 0 0 0 0 0 0 0 0]
 [1 1 0 0 0 0 0 0 0 0 0 0 0]
 [1 0 0 0 0 1 1 1 1 0 0 0 0]
 [1 0 0 0 0 1 1 1 1 1 0 0 0]
 [1 0 0 0 1 1 1 1 1 1 0 0 0]
 [0 0 0 0 1 1 1 1 1 1 0 0 0]
 [0 0 0 0 1 1 1 1 1 1 1 0 0]
 [0 0 0 0 1 1 1 1 1 1 0 0 0]
 [0 0 0 0 1 1 1 1 1 1 0 0 0]
 [1 0 0 0 1 1 1 1 1 1 0 0 0]
 [1 0 0 0 0 1 1 1 1 1 0 0 0]
 [1 0 0 0 0 1 1 1 1 0 0 0 0]
 [1 1 0 0 0 0 0 0 0 0 0 0 0]
 [1 1 0 0 0 0 0 0 0 0 0 0 0]
 [1 1 1 1 0 0 0 0 0 0 1 0 0]
 [1 1 1 1 1 1 1 1 1 1 0 0 0]
 [1 1 1 1 1 1 1 1 1 1 0 0 0]
 [1 1 0 1 1 1 1 1 1 1 0 0 0]
 [1 1 0 0 0 0 0 0 0 0 0 0 0]
 [1 1 0 0 0 0 0 0 0 0 0 0 1]
 [1 1 0 0 0 0 0 0 0 0 0 1 1]]

[ h ]
0.5652173913043478
(23, 13)
[[1 0 0 1 1 1 1 1 1 1 1 1 1]
 [1 0 0 0 1 1 1 1 1 1 1 1 1]
 [0 0 0 0 1 1 1 1 1 1 1 1 1]
 [1 0 0 0 1 1 1 1 1 1 1 1 1]
 [1 0 0 0 1 1 1 1 1 1 1 1 1]
 [1 0 0 0 1 1 1 1 1 1 1 1 1]
 [0 0 0 0 1 1 1 0 0 0 1 1 1]
 [1 0 0 0 1 0 0 0 0 0 0 0 1]
 [0 0 0 0 0 0 0 0 0 0 0 0 0]
 [1 0 0 0 0 0 0 0 0 0 0 0 0]
 [0 0 0 0 0 1 1 1 1 0 0 0 0]
 [1 0 0 0 0 1 1 1 1 1 0 0 0]
 [1 0 0 0 1 1 1 1 1 1 0 0 0]
 [1 0 0 0 1 1 1 1 1 1 0 0 0]
 [1 0 0 0 1 1 1 1 1 1 0 0 0]
 [1 0 0 0 1 1 1 1 1 1 0 0 0]
 [1 0 0 0 1 1 1 1 1 1 0 0 0]
 [1 0 0 0 1 1 1 1 1 1 0 0 0]
 [1 0 0 0 1 1 1 1 1 1 0 0 0]
 [1 0 0 0 1 1 1 1 1 1 0 0 0]
 [1 0 0 0 1 1 1 1 1 1 0 0 0]
 [1 0 0 0 1 1 1 1 1 1 0 0 0]
 [1 0 0 0 1 1 1 1 1 1 0 0 0]]

[ i ]
0.5454545454545454
(22, 12)
[[1 1 1 1 1 0 0 0 1 1 1 1]
 [1 1 1 1 1 0 0 0 1 1 1 1]
 [1 1 1 1 1 0 0 0 1 1 1 1]
 [1 1 1 1 1 0 0 0 1 1 1 1]
 [1 1 1 1 1 1 1 1 1 1 1 1]
 [1 1 1 1 1 1 1 1 1 1 1 1]
 [1 0 0 0 0 0 0 0 1 1 1 1]
 [1 0 0 0 0 0 0 0 1 1 1 1]
 [1 0 0 0 0 0 0 0 1 1 1 1]
 [1 1 1 1 1 0 0 0 1 1 1 1]
 [1 1 1 1 1 0 0 0 1 1 1 1]
 [1 1 1 1 1 0 0 0 1 1 1 1]
 [1 1 1 1 1 0 0 0 1 1 1 1]
 [1 1 1 1 1 0 0 0 1 1 1 1]
 [1 1 1 1 1 0 0 0 1 1 1 1]
 [1 1 1 1 1 0 0 0 1 1 1 1]
 [1 1 1 1 1 0 0 0 1 1 1 1]
 [1 1 1 1 1 0 0 0 1 1 1 1]
 [1 1 1 1 1 0 0 0 1 1 1 1]
 [0 0 0 0 0 0 0 0 0 0 0 0]
 [0 0 0 0 0 0 0 0 0 0 0 0]
 [0 0 0 0 0 0 0 0 0 0 0 0]]

[ j ]
0.3103448275862069
(29, 9)
[[1 1 1 1 1 1 1 0 0]
 [1 1 1 1 1 1 0 0 0]
 [1 1 1 1 1 1 0 0 0]
 [1 1 1 1 1 1 0 0 0]
 [1 1 1 1 1 1 0 0 0]
 [1 1 1 1 1 1 1 1 1]
 [1 1 1 1 1 1 1 1 1]
 [1 0 0 0 0 0 0 0 0]
 [1 0 0 0 0 0 0 0 0]
 [1 1 0 0 0 0 0 0 0]
 [1 1 1 1 1 1 0 0 0]
 [1 1 1 1 1 1 0 0 0]
 [1 1 1 1 1 1 0 0 0]
 [1 1 1 1 1 1 0 0 0]
 [1 1 1 1 1 1 0 0 0]
 [1 1 1 1 1 1 0 0 0]
 [1 1 1 1 1 1 0 0 0]
 [1 1 1 1 1 1 0 0 0]
 [1 1 1 1 1 1 0 0 0]
 [1 1 1 1 1 1 0 0 0]
 [1 1 1 1 1 1 0 0 0]
 [1 1 1 1 1 1 0 0 0]
 [1 1 1 1 1 1 0 0 0]
 [1 1 1 1 1 1 0 0 0]
 [1 1 1 1 1 1 0 0 0]
 [1 1 1 1 1 0 0 0 0]
 [0 0 0 0 0 0 0 0 0]
 [0 0 0 0 0 0 0 0 1]
 [0 0 0 0 0 0 0 1 1]]

[ k ]
0.6086956521739131
(23, 14)
[[1 0 0 1 1 1 1 1 1 1 1 1 1 1]
 [0 0 0 0 1 1 1 1 1 1 1 1 1 1]
 [0 0 0 0 1 1 1 1 1 1 1 1 1 1]
 [0 0 0 0 1 1 1 1 1 1 1 1 1 1]
 [0 0 0 0 1 1 1 1 1 1 1 1 1 1]
 [0 0 0 0 1 1 1 1 1 1 1 1 1 1]
 [0 0 0 0 1 1 1 1 1 1 1 1 1 1]
 [0 0 0 0 1 1 1 1 1 0 0 0 0 0]
 [0 0 0 0 1 1 1 1 0 0 0 0 0 1]
 [0 0 0 0 1 1 1 0 0 0 0 0 1 1]
 [0 0 0 0 1 1 0 0 0 0 0 1 1 1]
 [0 0 0 0 1 0 0 0 0 0 1 1 1 1]
 [0 0 0 0 0 0 0 0 0 1 1 1 1 1]
 [0 0 0 0 0 0 0 0 1 1 1 1 1 1]
 [0 0 0 0 0 0 0 0 0 1 1 1 1 1]
 [0 0 0 0 0 0 0 0 0 0 1 1 1 1]
 [0 0 0 0 1 1 0 0 0 0 1 1 1 1]
 [0 0 0 0 1 1 1 0 0 0 0 1 1 1]
 [0 0 0 0 1 1 1 0 0 0 0 0 1 1]
 [0 0 0 0 1 1 1 1 0 0 0 0 0 1]
 [0 0 0 0 1 1 1 1 1 0 0 0 0 1]
 [0 0 0 0 1 1 1 1 1 1 0 0 0 0]
 [0 0 0 0 1 1 1 1 1 1 0 0 0 0]]

[ l ]
0.5217391304347826
(23, 12)
[[0 0 0 0 0 0 0 1 1 1 1 1]
 [0 0 0 0 0 0 0 1 1 1 1 1]
 [0 0 0 0 0 0 0 1 1 1 1 1]
 [1 1 1 1 0 0 0 1 1 1 1 1]
 [1 1 1 1 0 0 0 1 1 1 1 1]
 [1 1 1 1 0 0 0 1 1 1 1 1]
 [1 1 1 1 0 0 0 1 1 1 1 1]
 [1 1 1 1 0 0 0 1 1 1 1 1]
 [1 1 1 1 0 0 0 1 1 1 1 1]
 [1 1 1 1 0 0 0 1 1 1 1 1]
 [1 1 1 1 0 0 0 1 1 1 1 1]
 [1 1 1 1 0 0 0 1 1 1 1 1]
 [1 1 1 1 0 0 0 1 1 1 1 1]
 [1 1 1 1 0 0 0 1 1 1 1 1]
 [1 1 1 1 0 0 0 1 1 1 1 1]
 [1 1 1 1 0 0 0 1 1 1 1 1]
 [1 1 1 1 0 0 0 1 1 1 1 1]
 [1 1 1 1 0 0 0 1 1 1 1 1]
 [1 1 1 1 0 0 0 0 1 1 1 1]
 [1 1 1 1 0 0 0 0 1 1 1 1]
 [1 1 1 1 1 0 0 0 0 0 0 0]
 [1 1 1 1 1 0 0 0 0 0 0 0]
 [1 1 1 1 1 1 0 0 0 0 0 0]]

[ m ]
0.8235294117647058
(17, 14)
[[1 1 1 1 0 0 0 1 1 1 0 0 0 1]
 [0 0 0 0 0 0 0 0 1 0 0 0 0 0]
 [0 0 0 0 0 0 0 0 0 0 0 0 0 0]
 [0 0 0 0 0 0 0 0 0 0 1 0 0 0]
 [0 0 0 0 1 1 0 0 0 0 1 1 0 0]
 [0 0 0 1 1 1 0 0 0 0 1 1 0 0]
 [0 0 0 1 1 1 0 0 0 1 1 1 0 0]
 [0 0 0 1 1 1 0 0 0 1 1 1 0 0]
 [0 0 0 1 1 1 0 0 0 1 1 1 0 0]
 [0 0 0 1 1 1 0 0 0 1 1 1 0 0]
 [0 0 0 1 1 1 0 0 0 1 1 1 0 0]
 [0 0 0 1 1 1 0 0 0 1 1 1 0 0]
 [0 0 0 1 1 1 0 0 0 1 1 1 0 0]
 [0 0 0 1 1 1 0 0 0 1 1 1 0 0]
 [0 0 0 1 1 1 0 0 0 1 1 1 0 0]
 [0 0 0 1 1 1 0 0 0 1 1 1 0 0]
 [0 0 0 1 1 1 0 0 0 1 1 1 0 0]]

[ n ]
0.7058823529411765
(17, 12)
[[1 1 1 1 1 1 0 0 0 1 1 1]
 [0 0 0 1 0 0 0 0 0 0 0 1]
 [0 0 0 0 0 0 0 0 0 0 0 0]
 [0 0 0 0 0 0 0 0 0 0 0 0]
 [0 0 0 0 1 1 1 1 1 0 0 0]
 [0 0 0 0 1 1 1 1 1 0 0 0]
 [0 0 0 0 1 1 1 1 1 0 0 0]
 [0 0 0 1 1 1 1 1 1 0 0 0]
 [0 0 0 1 1 1 1 1 1 0 0 0]
 [0 0 0 1 1 1 1 1 1 0 0 0]
 [0 0 0 1 1 1 1 1 1 0 0 0]
 [0 0 0 1 1 1 1 1 1 0 0 0]
 [0 0 0 1 1 1 1 1 1 0 0 0]
 [0 0 0 1 1 1 1 1 1 0 0 0]
 [0 0 0 1 1 1 1 1 1 0 0 0]
 [0 0 0 1 1 1 1 1 1 0 0 0]
 [0 0 0 1 1 1 1 1 1 0 0 0]]

[ o ]
0.7777777777777778
(18, 14)
[[1 1 1 1 1 1 0 0 0 1 1 1 1 1]
 [1 1 1 0 0 0 0 0 0 0 0 0 1 1]
 [1 1 0 0 0 0 0 0 0 0 0 0 0 1]
 [1 0 0 0 0 0 0 0 0 0 0 0 0 1]
 [1 0 0 0 0 1 1 1 1 1 0 0 0 0]
 [1 0 0 0 0 1 1 1 1 1 0 0 0 0]
 [0 0 0 0 1 1 1 1 1 1 1 0 0 0]
 [0 0 0 0 1 1 1 1 1 1 1 0 0 0]
 [0 0 0 0 1 1 1 1 1 1 1 0 0 0]
 [0 0 0 0 1 1 1 1 1 1 1 0 0 0]
 [0 0 0 0 1 1 1 1 1 1 1 0 0 0]
 [0 0 0 0 1 1 1 1 1 1 1 0 0 0]
 [1 0 0 0 0 1 1 1 1 1 0 0 0 0]
 [1 0 0 0 0 1 1 1 1 1 0 0 0 0]
 [1 1 0 0 0 0 0 0 0 0 0 0 0 1]
 [1 1 0 0 0 0 0 0 0 0 0 0 0 1]
 [1 1 1 0 0 0 0 0 0 0 0 1 1 1]
 [1 1 1 1 1 1 0 0 0 1 1 1 1 1]]

[ p ]
0.5652173913043478
(23, 13)
[[1 1 1 1 1 1 0 0 0 1 1 1 1]
 [0 0 0 0 0 0 0 0 0 0 0 1 1]
 [0 0 0 0 0 0 0 0 0 0 0 0 1]
 [0 0 0 0 0 0 0 0 0 0 0 0 0]
 [0 0 0 0 0 1 1 1 1 0 0 0 0]
 [0 0 0 0 1 1 1 1 1 1 0 0 0]
 [0 0 0 0 1 1 1 1 1 1 0 0 0]
 [0 0 0 0 1 1 1 1 1 1 0 0 0]
 [0 0 0 0 1 1 1 1 1 1 0 0 0]
 [0 0 0 0 1 1 1 1 1 1 0 0 0]
 [0 0 0 0 1 1 1 1 1 1 0 0 0]
 [0 0 0 0 1 1 1 1 1 1 0 0 0]
 [0 0 0 0 1 1 1 1 1 1 0 0 0]
 [0 0 0 0 0 1 1 1 1 0 0 0 0]
 [0 0 0 0 0 0 0 0 0 0 0 0 0]
 [0 0 0 0 0 0 0 0 0 0 0 0 1]
 [0 0 0 0 0 0 0 0 0 0 0 1 1]
 [0 0 0 0 1 1 0 0 0 1 1 1 1]
 [0 0 0 0 1 1 1 1 1 1 1 1 1]
 [0 0 0 0 1 1 1 1 1 1 1 1 1]
 [0 0 0 0 1 1 1 1 1 1 1 1 1]
 [0 0 0 0 1 1 1 1 1 1 1 1 1]
 [0 0 0 0 1 1 1 1 1 1 1 1 1]]

[ q ]
0.5652173913043478
(23, 13)
[[1 1 1 1 1 0 0 0 1 1 1 1 1]
 [1 1 1 0 0 0 0 0 0 0 0 0 0]
 [1 1 0 0 0 0 0 0 0 0 0 0 0]
 [1 0 0 0 0 0 0 0 0 0 0 0 0]
 [1 0 0 0 0 1 1 1 1 0 0 0 0]
 [0 0 0 0 1 1 1 1 1 1 0 0 0]
 [0 0 0 0 1 1 1 1 1 1 0 0 0]
 [0 0 0 0 1 1 1 1 1 1 0 0 0]
 [0 0 0 0 1 1 1 1 1 1 0 0 0]
 [0 0 0 0 1 1 1 1 1 1 0 0 0]
 [0 0 0 0 1 1 1 1 1 1 0 0 0]
 [0 0 0 0 1 1 1 1 1 1 0 0 0]
 [0 0 0 0 1 1 1 1 1 1 0 0 0]
 [1 0 0 0 0 1 1 1 1 0 0 0 0]
 [1 0 0 0 0 0 0 0 0 0 0 0 0]
 [1 1 0 0 0 0 0 0 0 0 0 0 0]
 [1 1 1 0 0 0 0 0 0 0 0 0 0]
 [1 1 1 1 1 0 0 0 1 1 0 0 0]
 [1 1 1 1 1 1 1 1 1 1 0 0 0]
 [1 1 1 1 1 1 1 1 1 1 0 0 0]
 [1 1 1 1 1 1 1 1 1 1 0 0 0]
 [1 1 1 1 1 1 1 1 1 1 0 0 0]
 [1 1 1 1 1 1 1 1 1 1 0 0 0]]

[ r ]
0.6470588235294118
(17, 11)
[[1 1 1 1 1 1 1 0 0 0 0]
 [0 0 0 0 1 0 0 0 0 0 0]
 [0 0 0 0 0 0 0 0 0 0 0]
 [0 0 0 0 0 0 0 0 0 0 0]
 [0 0 0 0 0 0 1 1 1 1 1]
 [0 0 0 0 0 1 1 1 1 1 1]
 [0 0 0 0 1 1 1 1 1 1 1]
 [0 0 0 0 1 1 1 1 1 1 1]
 [0 0 0 0 1 1 1 1 1 1 1]
 [0 0 0 0 1 1 1 1 1 1 1]
 [0 0 0 0 1 1 1 1 1 1 1]
 [0 0 0 0 1 1 1 1 1 1 1]
 [0 0 0 0 1 1 1 1 1 1 1]
 [0 0 0 0 1 1 1 1 1 1 1]
 [0 0 0 0 1 1 1 1 1 1 1]
 [0 0 0 0 1 1 1 1 1 1 1]
 [0 0 0 0 1 1 1 1 1 1 1]]

[ s ]
0.6666666666666666
(18, 12)
[[1 1 1 1 1 0 0 0 0 0 1 1]
 [1 1 0 0 0 0 0 0 0 0 0 0]
 [1 0 0 0 0 0 0 0 0 0 0 0]
 [1 0 0 0 0 0 1 1 0 0 0 0]
 [1 0 0 0 1 1 1 1 1 1 1 0]
 [1 0 0 0 1 1 1 1 1 1 1 1]
 [1 0 0 0 0 1 1 1 1 1 1 1]
 [1 0 0 0 0 0 0 0 0 1 1 1]
 [1 1 0 0 0 0 0 0 0 0 0 1]
 [1 1 1 0 0 0 0 0 0 0 0 0]
 [1 1 1 1 1 1 0 0 0 0 0 0]
 [1 1 1 1 1 1 1 1 1 0 0 0]
 [1 1 1 1 1 1 1 1 1 0 0 0]
 [1 0 1 1 1 1 1 1 1 0 0 0]
 [1 0 0 0 0 0 0 0 0 0 0 0]
 [0 0 0 0 0 0 0 0 0 0 0 0]
 [1 0 0 0 0 0 0 0 0 0 0 1]
 [1 1 1 1 0 0 0 0 1 1 1 1]]

[ t ]
0.6190476190476191
(21, 13)
[[1 1 1 1 0 0 0 1 1 1 1 1 1]
 [1 1 1 1 0 0 0 0 1 1 1 1 1]
 [1 1 1 1 0 0 0 0 1 1 1 1 1]
 [1 1 1 1 0 0 0 0 1 1 1 1 1]
 [1 1 1 1 0 0 0 0 1 1 1 1 1]
 [0 0 0 0 0 0 0 0 0 0 0 0 0]
 [0 0 0 0 0 0 0 0 0 0 0 0 0]
 [0 0 0 0 0 0 0 0 0 0 0 0 0]
 [1 1 1 1 0 0 0 0 1 1 1 1 1]
 [1 1 1 1 0 0 0 0 1 1 1 1 1]
 [1 1 1 1 0 0 0 0 1 1 1 1 1]
 [1 1 1 1 0 0 0 0 1 1 1 1 1]
 [1 1 1 1 0 0 0 0 1 1 1 1 1]
 [1 1 1 1 0 0 0 0 1 1 1 1 1]
 [1 1 1 1 0 0 0 0 1 1 1 1 1]
 [1 1 1 1 0 0 0 0 1 1 1 1 1]
 [1 1 1 1 0 0 0 0 1 1 1 1 1]
 [1 1 1 1 0 0 0 0 1 1 1 1 1]
 [1 1 1 1 1 0 0 0 0 0 0 0 0]
 [1 1 1 1 1 0 0 0 0 0 0 0 0]
 [1 1 1 1 1 1 0 0 0 0 0 0 0]]

[ u ]
0.7058823529411765
(17, 12)
[[0 0 0 0 1 1 1 1 1 0 0 0]
 [0 0 0 0 1 1 1 1 1 0 0 0]
 [0 0 0 0 1 1 1 1 1 0 0 0]
 [0 0 0 0 1 1 1 1 1 0 0 0]
 [0 0 0 0 1 1 1 1 1 0 0 0]
 [0 0 0 0 1 1 1 1 1 0 0 0]
 [0 0 0 0 1 1 1 1 1 0 0 0]
 [0 0 0 0 1 1 1 1 1 0 0 0]
 [0 0 0 0 1 1 1 1 1 0 0 0]
 [0 0 0 0 1 1 1 1 1 0 0 0]
 [0 0 0 0 1 1 1 1 1 0 0 0]
 [0 0 0 0 1 1 1 1 1 0 0 0]
 [0 0 0 0 1 1 1 1 0 0 0 0]
 [1 0 0 0 0 0 0 0 0 0 0 0]
 [1 0 0 0 0 0 0 0 0 0 0 0]
 [1 1 0 0 0 0 0 0 0 0 0 0]
 [1 1 1 1 0 0 1 1 1 1 1 1]]

[ v ]
0.875
(16, 14)
[[0 0 0 0 1 1 1 1 1 1 1 1 0 0]
 [0 0 0 0 1 1 1 1 1 1 1 0 0 0]
 [1 0 0 0 1 1 1 1 1 1 1 0 0 0]
 [1 0 0 0 0 1 1 1 1 1 1 0 0 0]
 [1 0 0 0 0 1 1 1 1 1 0 0 0 0]
 [1 1 0 0 0 0 1 1 1 1 0 0 0 0]
 [1 1 0 0 0 0 1 1 1 0 0 0 0 1]
 [1 1 0 0 0 0 1 1 1 0 0 0 0 1]
 [1 1 1 0 0 0 0 1 1 0 0 0 1 1]
 [1 1 1 0 0 0 0 1 0 0 0 0 1 1]
 [1 1 1 1 0 0 0 1 0 0 0 0 1 1]
 [1 1 1 1 0 0 0 0 0 0 0 1 1 1]
 [1 1 1 1 0 0 0 0 0 0 0 1 1 1]
 [1 1 1 1 1 0 0 0 0 0 0 1 1 1]
 [1 1 1 1 1 0 0 0 0 0 1 1 1 1]
 [1 1 1 1 1 0 0 0 0 0 1 1 1 1]]

[ w ]
1.0625
(16, 17)
[[0 0 0 0 1 1 1 1 1 1 1 1 1 1 1 0 0]
 [1 0 0 0 1 1 1 1 1 1 1 1 1 1 1 0 0]
 [1 0 0 0 1 1 1 1 1 1 1 1 1 1 0 0 0]
 [1 0 0 0 0 1 1 1 1 1 1 1 1 1 0 0 0]
 [1 0 0 0 0 1 1 1 0 0 0 1 1 1 0 0 0]
 [1 0 0 0 0 1 1 1 0 0 0 1 1 1 0 0 0]
 [1 1 0 0 0 1 1 0 0 0 0 0 1 1 0 0 0]
 [1 1 0 0 0 1 1 0 0 0 0 0 1 0 0 0 0]
 [1 1 0 0 0 0 1 0 0 0 0 0 1 0 0 0 0]
 [1 1 0 0 0 0 0 0 0 1 0 0 1 0 0 0 1]
 [1 1 1 0 0 0 0 0 0 1 0 0 0 0 0 0 1]
 [1 1 1 0 0 0 0 0 0 1 0 0 0 0 0 0 1]
 [1 1 1 0 0 0 0 0 1 1 0 0 0 0 0 0 1]
 [1 1 1 0 0 0 0 0 1 1 1 0 0 0 0 1 1]
 [1 1 1 1 0 0 0 0 1 1 1 0 0 0 0 1 1]
 [1 1 1 1 0 0 0 0 1 1 1 0 0 0 0 1 1]]

[ x ]
0.9375
(16, 15)
[[1 0 0 0 0 1 1 1 1 1 1 0 0 0 0]
 [1 1 0 0 0 0 1 1 1 1 1 0 0 0 0]
 [1 1 0 0 0 0 1 1 1 1 0 0 0 0 1]
 [1 1 1 0 0 0 0 1 1 0 0 0 0 1 1]
 [1 1 1 1 0 0 0 0 0 0 0 0 0 1 1]
 [1 1 1 1 1 0 0 0 0 0 0 0 1 1 1]
 [1 1 1 1 1 0 0 0 0 0 0 1 1 1 1]
 [1 1 1 1 1 1 0 0 0 0 1 1 1 1 1]
 [1 1 1 1 1 0 0 0 0 0 0 1 1 1 1]
 [1 1 1 1 1 0 0 0 0 0 0 0 1 1 1]
 [1 1 1 1 0 0 0 0 0 0 0 0 1 1 1]
 [1 1 1 0 0 0 0 1 1 0 0 0 0 1 1]
 [1 1 0 0 0 0 0 1 1 1 0 0 0 0 1]
 [1 1 0 0 0 0 1 1 1 1 0 0 0 0 0]
 [1 0 0 0 0 1 1 1 1 1 1 0 0 0 0]
 [0 0 0 0 1 1 1 1 1 1 1 1 0 0 0]]

[ y ]
0.6363636363636364
(22, 14)
[[0 0 0 0 1 1 1 1 1 1 1 1 0 0]
 [0 0 0 0 1 1 1 1 1 1 1 0 0 0]
 [1 0 0 0 1 1 1 1 1 1 1 0 0 0]
 [1 0 0 0 0 1 1 1 1 1 0 0 0 0]
 [1 0 0 0 0 1 1 1 1 1 0 0 0 0]
 [1 1 0 0 0 0 1 1 1 1 0 0 0 1]
 [1 1 0 0 0 0 1 1 1 0 0 0 0 1]
 [1 1 1 0 0 0 1 1 1 0 0 0 0 1]
 [1 1 1 0 0 0 0 1 1 0 0 0 1 1]
 [1 1 1 0 0 0 0 1 0 0 0 0 1 1]
 [1 1 1 1 0 0 0 1 0 0 0 1 1 1]
 [1 1 1 1 0 0 0 0 0 0 0 1 1 1]
 [1 1 1 1 1 0 0 0 0 0 0 1 1 1]
 [1 1 1 1 1 0 0 0 0 0 1 1 1 1]
 [1 1 1 1 1 0 0 0 0 0 1 1 1 1]
 [1 1 1 1 1 1 0 0 0 0 1 1 1 1]
 [1 1 1 1 1 0 0 0 0 1 1 1 1 1]
 [1 1 1 1 1 0 0 0 0 1 1 1 1 1]
 [1 1 1 1 0 0 0 0 1 1 1 1 1 1]
 [1 0 0 0 0 0 0 0 1 1 1 1 1 1]
 [1 0 0 0 0 0 0 1 1 1 1 1 1 1]
 [1 0 0 0 0 0 1 1 1 1 1 1 1 1]]

[ z ]
0.6875
(16, 11)
[[0 0 0 0 0 0 0 0 0 0 0]
 [0 0 0 0 0 0 0 0 0 0 0]
 [0 0 0 0 0 0 0 0 0 0 0]
 [1 1 1 1 1 1 1 0 0 0 0]
 [1 1 1 1 1 1 1 0 0 0 0]
 [1 1 1 1 1 1 0 0 0 0 1]
 [1 1 1 1 1 0 0 0 0 1 1]
 [1 1 1 1 0 0 0 0 1 1 1]
 [1 1 1 0 0 0 0 0 1 1 1]
 [1 1 1 0 0 0 0 1 1 1 1]
 [1 1 0 0 0 0 1 1 1 1 1]
 [1 0 0 0 0 1 1 1 1 1 1]
 [0 0 0 0 1 1 1 1 1 1 1]
 [0 0 0 0 0 0 0 0 0 0 0]
 [0 0 0 0 0 0 0 0 0 0 0]
 [0 0 0 0 0 0 0 0 0 0 0]]

[ A ]
0.7272727272727273
(22, 16)
[[1 1 1 1 1 1 0 0 0 0 1 1 1 1 1 1]
 [1 1 1 1 1 1 0 0 0 0 0 1 1 1 1 1]
 [1 1 1 1 1 0 0 0 0 0 0 1 1 1 1 1]
 [1 1 1 1 1 0 0 0 0 0 0 1 1 1 1 1]
 [1 1 1 1 1 0 0 0 0 0 0 0 1 1 1 1]
 [1 1 1 1 0 0 0 0 0 0 0 0 1 1 1 1]
 [1 1 1 1 0 0 0 0 1 0 0 0 1 1 1 1]
 [1 1 1 1 0 0 0 0 1 0 0 0 1 1 1 1]
 [1 1 1 1 0 0 0 1 1 0 0 0 0 1 1 1]
 [1 1 1 0 0 0 0 1 1 0 0 0 0 1 1 1]
 [1 1 1 0 0 0 0 1 1 1 0 0 0 1 1 1]
 [1 1 1 0 0 0 1 1 1 1 0 0 0 0 1 1]
 [1 1 0 0 0 0 1 1 1 1 0 0 0 0 1 1]
 [1 1 0 0 0 0 1 1 1 1 0 0 0 0 1 1]
 [1 1 0 0 0 0 0 0 0 0 0 0 0 0 0 1]
 [1 0 0 0 0 0 0 0 0 0 0 0 0 0 0 1]
 [1 0 0 0 0 0 0 0 0 0 0 0 0 0 0 1]
 [1 0 0 0 0 1 1 1 1 1 1 1 0 0 0 0]
 [0 0 0 0 1 1 1 1 1 1 1 1 0 0 0 0]
 [0 0 0 0 1 1 1 1 1 1 1 1 0 0 0 0]
 [0 0 0 0 1 1 1 1 1 1 1 1 0 0 0 0]
 [0 0 0 0 1 1 1 1 1 1 1 1 1 0 0 0]]

[ B ]
0.5909090909090909
(22, 13)
[[0 0 0 0 0 0 0 0 1 1 1 1 1]
 [0 0 0 0 0 0 0 0 0 0 0 1 1]
 [0 0 0 0 0 0 0 0 0 0 0 0 1]
 [0 0 0 0 0 0 0 0 0 0 0 0 0]
 [0 0 0 1 1 1 1 1 1 0 0 0 0]
 [0 0 0 1 1 1 1 1 1 1 0 0 0]
 [0 0 0 1 1 1 1 1 1 1 0 0 0]
 [0 0 0 1 1 1 1 1 1 0 0 0 0]
 [0 0 0 0 0 0 0 0 0 0 0 0 0]
 [0 0 0 0 0 0 0 0 0 0 0 0 1]
 [0 0 0 0 0 0 0 0 0 0 0 0 1]
 [0 0 0 0 0 0 0 0 0 0 0 0 0]
 [0 0 0 1 1 1 1 1 1 0 0 0 0]
 [0 0 0 1 1 1 1 1 1 1 0 0 0]
 [0 0 0 1 1 1 1 1 1 1 0 0 0]
 [0 0 0 1 1 1 1 1 1 1 0 0 0]
 [0 0 0 1 1 1 1 1 1 1 0 0 0]
 [0 0 0 1 1 1 1 1 1 1 0 0 0]
 [0 0 0 1 1 1 1 1 1 0 0 0 0]
 [0 0 0 0 0 0 0 0 0 0 0 0 0]
 [0 0 0 0 0 0 0 0 0 0 0 0 1]
 [0 0 0 0 0 0 0 0 0 0 0 1 1]]

[ C ]
0.5652173913043478
(23, 13)
[[1 1 1 1 1 1 0 0 0 0 0 0 1]
 [1 1 1 1 0 0 0 0 0 0 0 0 0]
 [1 1 1 0 0 0 0 0 0 0 0 0 0]
 [1 1 0 0 0 0 0 0 1 1 0 0 0]
 [1 0 0 0 0 0 1 1 1 1 1 1 0]
 [1 0 0 0 0 1 1 1 1 1 1 1 1]
 [0 0 0 0 1 1 1 1 1 1 1 1 1]
 [0 0 0 0 1 1 1 1 1 1 1 1 1]
 [0 0 0 0 1 1 1 1 1 1 1 1 1]
 [0 0 0 0 1 1 1 1 1 1 1 1 1]
 [0 0 0 0 1 1 1 1 1 1 1 1 1]
 [0 0 0 0 1 1 1 1 1 1 1 1 1]
 [0 0 0 0 1 1 1 1 1 1 1 1 1]
 [0 0 0 0 1 1 1 1 1 1 1 1 1]
 [0 0 0 0 1 1 1 1 1 1 1 1 1]
 [0 0 0 0 1 1 1 1 1 1 1 1 1]
 [0 0 0 0 0 1 1 1 1 1 1 1 1]
 [1 0 0 0 0 1 1 1 1 1 1 1 1]
 [1 0 0 0 0 0 1 1 1 1 1 1 0]
 [1 1 0 0 0 0 0 0 0 0 0 0 0]
 [1 1 1 0 0 0 0 0 0 0 0 0 0]
 [1 1 1 1 0 0 0 0 0 0 0 0 0]
 [1 1 1 1 1 1 1 0 0 0 0 1 1]]

[ D ]
0.6363636363636364
(22, 14)
[[0 0 0 0 0 0 1 1 1 1 1 1 1 1]
 [0 0 0 0 0 0 0 0 0 0 1 1 1 1]
 [0 0 0 0 0 0 0 0 0 0 0 1 1 1]
 [0 0 0 0 0 0 0 0 0 0 0 0 1 1]
 [0 0 0 0 1 1 1 1 0 0 0 0 0 1]
 [0 0 0 0 1 1 1 1 1 0 0 0 0 1]
 [0 0 0 0 1 1 1 1 1 1 0 0 0 0]
 [0 0 0 0 1 1 1 1 1 1 0 0 0 0]
 [0 0 0 0 1 1 1 1 1 1 0 0 0 0]
 [0 0 0 0 1 1 1 1 1 1 0 0 0 0]
 [0 0 0 0 1 1 1 1 1 1 0 0 0 0]
 [0 0 0 0 1 1 1 1 1 1 1 0 0 0]
 [0 0 0 0 1 1 1 1 1 1 0 0 0 0]
 [0 0 0 0 1 1 1 1 1 1 0 0 0 0]
 [0 0 0 0 1 1 1 1 1 1 0 0 0 0]
 [0 0 0 0 1 1 1 1 1 1 0 0 0 0]
 [0 0 0 0 1 1 1 1 1 1 0 0 0 0]
 [0 0 0 0 1 1 1 1 1 0 0 0 0 1]
 [0 0 0 0 1 1 1 1 0 0 0 0 0 1]
 [0 0 0 0 0 0 0 0 0 0 0 0 1 1]
 [0 0 0 0 0 0 0 0 0 0 0 1 1 1]
 [0 0 0 0 0 0 0 0 0 1 1 1 1 1]]

[ E ]
0.5909090909090909
(22, 13)
[[0 0 0 0 0 0 0 0 0 0 0 0 0]
 [0 0 0 0 0 0 0 0 0 0 0 0 0]
 [0 0 0 0 0 0 0 0 0 0 0 0 0]
 [0 0 0 0 0 0 0 0 0 0 0 0 0]
 [0 0 0 0 1 1 1 1 1 1 1 1 1]
 [0 0 0 0 1 1 1 1 1 1 1 1 1]
 [0 0 0 0 1 1 1 1 1 1 1 1 1]
 [0 0 0 0 1 1 1 1 1 1 1 1 1]
 [0 0 0 0 0 0 0 0 0 0 0 0 0]
 [0 0 0 0 0 0 0 0 0 0 0 0 0]
 [0 0 0 0 0 0 0 0 0 0 0 0 0]
 [0 0 0 0 0 0 0 0 0 0 0 0 0]
 [0 0 0 0 1 1 1 1 1 1 1 1 1]
 [0 0 0 0 1 1 1 1 1 1 1 1 1]
 [0 0 0 0 1 1 1 1 1 1 1 1 1]
 [0 0 0 0 1 1 1 1 1 1 1 1 1]
 [0 0 0 0 1 1 1 1 1 1 1 1 1]
 [0 0 0 0 1 1 1 1 1 1 1 1 1]
 [0 0 0 0 1 1 1 1 1 1 1 1 1]
 [0 0 0 0 0 0 0 0 0 0 0 0 0]
 [0 0 0 0 0 0 0 0 0 0 0 0 0]
 [0 0 0 0 0 0 0 0 0 0 0 0 0]]

[ F ]
0.5454545454545454
(22, 12)
[[1 0 0 0 0 0 0 0 0 0 0 0]
 [0 0 0 0 0 0 0 0 0 0 0 0]
 [0 0 0 0 0 0 0 0 0 0 0 0]
 [0 0 0 0 0 0 0 0 0 0 0 0]
 [0 0 0 0 1 1 1 1 1 1 1 1]
 [0 0 0 0 1 1 1 1 1 1 1 1]
 [0 0 0 0 1 1 1 1 1 1 1 1]
 [0 0 0 0 1 1 1 1 1 1 1 1]
 [0 0 0 0 0 0 0 0 0 0 0 0]
 [0 0 0 0 0 0 0 0 0 0 0 0]
 [0 0 0 0 0 0 0 0 0 0 0 0]
 [0 0 0 0 0 0 0 0 0 0 0 0]
 [0 0 0 0 1 1 1 1 1 1 1 1]
 [0 0 0 0 1 1 1 1 1 1 1 1]
 [0 0 0 0 1 1 1 1 1 1 1 1]
 [0 0 0 0 1 1 1 1 1 1 1 1]
 [0 0 0 0 1 1 1 1 1 1 1 1]
 [0 0 0 0 1 1 1 1 1 1 1 1]
 [0 0 0 0 1 1 1 1 1 1 1 1]
 [0 0 0 0 1 1 1 1 1 1 1 1]
 [0 0 0 0 1 1 1 1 1 1 1 1]
 [0 0 0 0 1 1 1 1 1 1 1 1]]

[ G ]
0.6521739130434783
(23, 15)
[[1 1 1 1 1 1 1 0 0 0 0 0 1 1 1]
 [1 1 1 1 1 0 0 0 0 0 0 0 0 0 1]
 [1 1 1 0 0 0 0 0 0 0 0 0 0 0 0]
 [1 1 1 0 0 0 0 0 0 1 0 0 0 0 0]
 [1 1 0 0 0 0 0 1 1 1 1 1 1 0 0]
 [1 1 0 0 0 0 1 1 1 1 1 1 1 1 1]
 [1 0 0 0 0 1 1 1 1 1 1 1 1 1 1]
 [1 0 0 0 0 1 1 1 1 1 1 1 1 1 1]
 [1 0 0 0 0 1 1 1 1 1 1 1 1 1 1]
 [1 0 0 0 0 1 1 1 1 1 1 1 1 1 1]
 [1 0 0 0 1 1 1 1 1 1 1 1 1 1 1]
 [0 0 0 0 1 1 1 1 1 0 0 0 0 0 0]
 [1 0 0 0 1 1 1 1 1 0 0 0 0 0 0]
 [1 0 0 0 0 1 1 1 1 0 0 0 0 0 0]
 [1 0 0 0 0 1 1 1 1 1 1 1 0 0 0]
 [1 0 0 0 0 1 1 1 1 1 1 1 0 0 0]
 [1 0 0 0 0 1 1 1 1 1 1 1 0 0 0]
 [1 1 0 0 0 0 1 1 1 1 1 1 0 0 0]
 [1 1 0 0 0 0 0 1 1 1 1 1 0 0 0]
 [1 1 1 0 0 0 0 0 0 0 0 0 0 0 0]
 [1 1 1 1 0 0 0 0 0 0 0 0 0 0 0]
 [1 1 1 1 1 0 0 0 0 0 0 0 0 0 1]
 [1 1 1 1 1 1 1 1 0 0 0 1 1 1 1]]

[ H ]
0.6363636363636364
(22, 14)
[[1 0 0 0 1 1 1 1 1 1 1 0 0 0]
 [0 0 0 0 1 1 1 1 1 1 1 0 0 0]
 [0 0 0 0 1 1 1 1 1 1 1 0 0 0]
 [0 0 0 0 1 1 1 1 1 1 1 0 0 0]
 [0 0 0 0 1 1 1 1 1 1 1 0 0 0]
 [0 0 0 0 1 1 1 1 1 1 1 0 0 0]
 [0 0 0 0 1 1 1 1 1 1 1 0 0 0]
 [0 0 0 0 1 1 1 1 1 1 1 0 0 0]
 [0 0 0 0 0 0 0 0 0 0 0 0 0 0]
 [0 0 0 0 0 0 0 0 0 0 0 0 0 0]
 [0 0 0 0 0 0 0 0 0 0 0 0 0 0]
 [0 0 0 0 0 0 0 0 0 0 0 0 0 0]
 [0 0 0 0 1 1 1 1 1 1 1 0 0 0]
 [0 0 0 0 1 1 1 1 1 1 1 0 0 0]
 [0 0 0 0 1 1 1 1 1 1 1 0 0 0]
 [0 0 0 0 1 1 1 1 1 1 1 0 0 0]
 [0 0 0 0 1 1 1 1 1 1 1 0 0 0]
 [0 0 0 0 1 1 1 1 1 1 1 0 0 0]
 [0 0 0 0 1 1 1 1 1 1 1 0 0 0]
 [0 0 0 0 1 1 1 1 1 1 1 0 0 0]
 [0 0 0 0 1 1 1 1 1 1 1 0 0 0]
 [0 0 0 0 1 1 1 1 1 1 1 0 0 0]]

[ I ]
0.5
(22, 11)
[[0 0 0 0 0 0 0 0 0 0 0]
 [0 0 0 0 0 0 0 0 0 0 0]
 [0 0 0 0 0 0 0 0 0 0 0]
 [0 0 0 0 0 0 0 0 0 0 0]
 [1 1 1 1 0 0 0 0 1 1 1]
 [1 1 1 1 0 0 0 0 1 1 1]
 [1 1 1 1 0 0 0 0 1 1 1]
 [1 1 1 1 0 0 0 0 1 1 1]
 [1 1 1 1 0 0 0 0 1 1 1]
 [1 1 1 1 0 0 0 0 1 1 1]
 [1 1 1 1 0 0 0 0 1 1 1]
 [1 1 1 1 0 0 0 0 1 1 1]
 [1 1 1 1 0 0 0 0 1 1 1]
 [1 1 1 1 0 0 0 0 1 1 1]
 [1 1 1 1 0 0 0 0 1 1 1]
 [1 1 1 1 0 0 0 0 1 1 1]
 [1 1 1 1 0 0 0 0 1 1 1]
 [1 1 1 1 0 0 0 0 1 1 1]
 [1 1 1 1 0 0 0 0 1 1 1]
 [0 0 0 0 0 0 0 0 0 0 0]
 [0 0 0 0 0 0 0 0 0 0 0]
 [0 0 0 0 0 0 0 0 0 0 0]]

[ J ]
0.4782608695652174
(23, 11)
[[1 1 1 1 0 0 0 0 0 0 0]
 [1 1 1 0 0 0 0 0 0 0 0]
 [1 1 1 0 0 0 0 0 0 0 0]
 [1 1 1 1 0 0 0 0 0 0 0]
 [1 1 1 1 1 1 1 1 1 0 0]
 [1 1 1 1 1 1 1 1 1 0 0]
 [1 1 1 1 1 1 1 1 1 0 0]
 [1 1 1 1 1 1 1 1 1 0 0]
 [1 1 1 1 1 1 1 1 1 0 0]
 [1 1 1 1 1 1 1 1 1 0 0]
 [1 1 1 1 1 1 1 1 1 0 0]
 [1 1 1 1 1 1 1 1 1 0 0]
 [1 1 1 1 1 1 1 1 1 0 0]
 [1 1 1 1 1 1 1 1 1 0 0]
 [1 1 1 1 1 1 1 1 1 0 0]
 [1 1 1 1 1 1 1 1 1 0 0]
 [1 1 1 1 1 1 1 1 0 0 0]
 [0 1 1 1 1 1 1 1 0 0 0]
 [0 0 1 1 1 1 1 1 0 0 0]
 [0 0 0 0 0 0 0 0 0 0 0]
 [0 0 0 0 0 0 0 0 0 0 0]
 [0 0 0 0 0 0 0 0 0 0 1]
 [1 1 1 0 0 0 0 1 1 1 1]]

[ K ]
0.7272727272727273
(22, 16)
[[1 0 0 0 1 1 1 1 1 1 1 1 0 0 0 0]
 [0 0 0 0 1 1 1 1 1 1 1 0 0 0 0 0]
 [0 0 0 0 1 1 1 1 1 1 0 0 0 0 0 1]
 [0 0 0 0 1 1 1 1 1 0 0 0 0 0 1 1]
 [0 0 0 0 1 1 1 1 0 0 0 0 0 1 1 1]
 [0 0 0 0 1 1 1 1 0 0 0 0 1 1 1 1]
 [0 0 0 0 1 1 1 0 0 0 0 1 1 1 1 1]
 [0 0 0 0 1 1 0 0 0 0 1 1 1 1 1 1]
 [0 0 0 0 1 0 0 0 0 1 1 1 1 1 1 1]
 [0 0 0 0 0 0 0 0 0 1 1 1 1 1 1 1]
 [0 0 0 0 0 0 0 0 0 1 1 1 1 1 1 1]
 [0 0 0 0 0 0 0 0 0 0 1 1 1 1 1 1]
 [0 0 0 0 0 0 0 0 0 0 0 1 1 1 1 1]
 [0 0 0 0 0 1 1 0 0 0 0 1 1 1 1 1]
 [0 0 0 0 1 1 1 0 0 0 0 0 1 1 1 1]
 [0 0 0 0 1 1 1 1 0 0 0 0 0 1 1 1]
 [0 0 0 0 1 1 1 1 1 0 0 0 0 1 1 1]
 [0 0 0 0 1 1 1 1 1 0 0 0 0 0 1 1]
 [0 0 0 0 1 1 1 1 1 1 0 0 0 0 0 1]
 [0 0 0 0 1 1 1 1 1 1 1 0 0 0 0 1]
 [0 0 0 0 1 1 1 1 1 1 1 0 0 0 0 0]
 [0 0 0 0 1 1 1 1 1 1 1 1 0 0 0 0]]

[ L ]
0.5909090909090909
(22, 13)
[[0 0 0 1 1 1 1 1 1 1 1 1 1]
 [0 0 0 0 1 1 1 1 1 1 1 1 1]
 [0 0 0 0 1 1 1 1 1 1 1 1 1]
 [0 0 0 0 1 1 1 1 1 1 1 1 1]
 [0 0 0 0 1 1 1 1 1 1 1 1 1]
 [0 0 0 0 1 1 1 1 1 1 1 1 1]
 [0 0 0 0 1 1 1 1 1 1 1 1 1]
 [0 0 0 0 1 1 1 1 1 1 1 1 1]
 [0 0 0 0 1 1 1 1 1 1 1 1 1]
 [0 0 0 0 1 1 1 1 1 1 1 1 1]
 [0 0 0 0 1 1 1 1 1 1 1 1 1]
 [0 0 0 0 1 1 1 1 1 1 1 1 1]
 [0 0 0 0 1 1 1 1 1 1 1 1 1]
 [0 0 0 0 1 1 1 1 1 1 1 1 1]
 [0 0 0 0 1 1 1 1 1 1 1 1 1]
 [0 0 0 0 1 1 1 1 1 1 1 1 1]
 [0 0 0 0 1 1 1 1 1 1 1 1 1]
 [0 0 0 0 1 1 1 1 1 1 1 1 1]
 [0 0 0 0 1 1 1 1 1 1 1 1 1]
 [0 0 0 0 0 0 0 0 0 0 0 0 0]
 [0 0 0 0 0 0 0 0 0 0 0 0 0]
 [0 0 0 0 0 0 0 0 0 0 0 0 0]]

[ M ]
0.6363636363636364
(22, 14)
[[0 0 0 0 1 1 1 1 1 1 1 0 0 0]
 [0 0 0 0 0 1 1 1 1 1 0 0 0 0]
 [0 0 0 0 0 1 1 1 1 1 0 0 0 0]
 [0 0 0 0 0 1 1 1 1 1 0 0 0 0]
 [0 0 0 0 0 0 1 1 1 0 0 0 0 0]
 [0 0 0 0 0 0 1 1 1 0 0 0 0 0]
 [0 0 0 0 0 0 1 1 1 0 0 0 0 0]
 [0 0 0 0 0 0 0 1 0 0 0 1 0 0]
 [0 0 0 1 0 0 0 1 0 0 0 1 0 0]
 [0 0 0 1 0 0 0 1 0 0 0 1 0 0]
 [0 0 0 1 1 0 0 0 0 0 1 1 0 0]
 [0 0 0 1 1 0 0 0 0 0 1 1 0 0]
 [0 0 0 1 1 0 0 0 0 0 1 1 0 0]
 [0 0 0 1 1 1 0 0 0 1 1 1 0 0]
 [0 0 0 1 1 1 0 0 0 1 1 1 0 0]
 [0 0 0 1 1 1 1 1 1 1 1 1 0 0]
 [0 0 0 1 1 1 1 1 1 1 1 1 0 0]
 [0 0 0 1 1 1 1 1 1 1 1 1 0 0]
 [0 0 0 1 1 1 1 1 1 1 1 1 0 0]
 [0 0 0 1 1 1 1 1 1 1 1 1 0 0]
 [0 0 0 1 1 1 1 1 1 1 1 1 0 0]
 [0 0 0 1 1 1 1 1 1 1 1 1 0 0]]

[ N ]
0.6818181818181818
(22, 15)
[[0 0 0 0 1 1 1 1 1 1 1 1 1 0 0]
 [0 0 0 0 0 1 1 1 1 1 1 1 0 0 0]
 [0 0 0 0 0 1 1 1 1 1 1 1 0 0 0]
 [0 0 0 0 0 0 1 1 1 1 1 1 0 0 0]
 [0 0 0 0 0 0 1 1 1 1 1 1 0 0 0]
 [0 0 0 0 0 0 0 1 1 1 1 1 0 0 0]
 [0 0 0 0 0 0 0 1 1 1 1 1 0 0 0]
 [0 0 0 0 0 0 0 0 1 1 1 1 0 0 0]
 [0 0 0 0 1 0 0 0 1 1 1 1 0 0 0]
 [0 0 0 0 1 0 0 0 0 1 1 1 0 0 0]
 [0 0 0 0 1 1 0 0 0 1 1 1 0 0 0]
 [0 0 0 0 1 1 0 0 0 0 1 1 0 0 0]
 [0 0 0 0 1 1 0 0 0 0 1 1 0 0 0]
 [0 0 0 0 1 1 1 0 0 0 0 1 0 0 0]
 [0 0 0 0 1 1 1 0 0 0 0 1 0 0 0]
 [0 0 0 0 1 1 1 1 0 0 0 0 0 0 0]
 [0 0 0 0 1 1 1 1 0 0 0 0 0 0 0]
 [0 0 0 0 1 1 1 1 1 0 0 0 0 0 0]
 [0 0 0 0 1 1 1 1 1 0 0 0 0 0 0]
 [0 0 0 0 1 1 1 1 1 1 0 0 0 0 0]
 [0 0 0 0 1 1 1 1 1 1 0 0 0 0 0]
 [0 0 0 0 1 1 1 1 1 1 1 0 0 0 0]]

[ O ]
0.6086956521739131
(23, 14)
[[1 1 1 1 1 0 0 0 0 0 1 1 1 1]
 [1 1 1 1 0 0 0 0 0 0 0 0 1 1]
 [1 1 1 0 0 0 0 0 0 0 0 0 0 1]
 [1 1 0 0 0 0 0 1 1 0 0 0 0 0]
 [1 1 0 0 0 0 1 1 1 1 0 0 0 0]
 [1 0 0 0 0 1 1 1 1 1 1 0 0 0]
 [1 0 0 0 0 1 1 1 1 1 1 0 0 0]
 [1 0 0 0 0 1 1 1 1 1 1 0 0 0]
 [1 0 0 0 0 1 1 1 1 1 1 0 0 0]
 [1 0 0 0 1 1 1 1 1 1 1 0 0 0]
 [0 0 0 0 1 1 1 1 1 1 1 0 0 0]
 [0 0 0 0 1 1 1 1 1 1 1 0 0 0]
 [0 0 0 0 1 1 1 1 1 1 1 0 0 0]
 [1 0 0 0 1 1 1 1 1 1 1 0 0 0]
 [1 0 0 0 0 1 1 1 1 1 1 0 0 0]
 [1 0 0 0 0 1 1 1 1 1 1 0 0 0]
 [1 0 0 0 0 1 1 1 1 1 1 0 0 0]
 [1 0 0 0 0 1 1 1 1 1 1 0 0 0]
 [1 1 0 0 0 0 1 1 1 1 0 0 0 0]
 [1 1 0 0 0 0 0 0 0 0 0 0 0 0]
 [1 1 1 0 0 0 0 0 0 0 0 0 0 1]
 [1 1 1 1 0 0 0 0 0 0 0 0 1 1]
 [1 1 1 1 1 1 1 0 0 1 1 1 1 1]]

[ P ]
0.5909090909090909
(22, 13)
[[0 0 0 0 0 0 0 0 1 1 1 1 1]
 [0 0 0 0 0 0 0 0 0 0 0 1 1]
 [0 0 0 0 0 0 0 0 0 0 0 0 1]
 [0 0 0 0 0 0 0 0 0 0 0 0 0]
 [0 0 0 0 1 1 1 1 1 0 0 0 0]
 [0 0 0 0 1 1 1 1 1 1 0 0 0]
 [0 0 0 0 1 1 1 1 1 1 0 0 0]
 [0 0 0 0 1 1 1 1 1 1 0 0 0]
 [0 0 0 0 1 1 1 1 1 1 0 0 0]
 [0 0 0 0 1 1 1 1 1 0 0 0 0]
 [0 0 0 0 1 1 1 0 0 0 0 0 0]
 [0 0 0 0 0 0 0 0 0 0 0 0 0]
 [0 0 0 0 0 0 0 0 0 0 0 0 1]
 [0 0 0 0 0 0 0 0 0 1 1 1 1]
 [0 0 0 0 1 1 1 1 1 1 1 1 1]
 [0 0 0 0 1 1 1 1 1 1 1 1 1]
 [0 0 0 0 1 1 1 1 1 1 1 1 1]
 [0 0 0 0 1 1 1 1 1 1 1 1 1]
 [0 0 0 0 1 1 1 1 1 1 1 1 1]
 [0 0 0 0 1 1 1 1 1 1 1 1 1]
 [0 0 0 0 1 1 1 1 1 1 1 1 1]
 [0 0 0 0 1 1 1 1 1 1 1 1 1]]

[ Q ]
0.5384615384615384
(26, 14)
[[1 1 1 1 1 0 0 0 0 0 1 1 1 1]
 [1 1 1 0 0 0 0 0 0 0 0 0 1 1]
 [1 1 0 0 0 0 0 0 0 0 0 0 0 1]
 [1 1 0 0 0 0 0 1 0 0 0 0 0 0]
 [1 0 0 0 0 1 1 1 1 1 0 0 0 0]
 [1 0 0 0 0 1 1 1 1 1 0 0 0 0]
 [1 0 0 0 0 1 1 1 1 1 1 0 0 0]
 [0 0 0 0 1 1 1 1 1 1 1 0 0 0]
 [0 0 0 0 1 1 1 1 1 1 1 0 0 0]
 [0 0 0 0 1 1 1 1 1 1 1 0 0 0]
 [0 0 0 0 1 1 1 1 1 1 1 0 0 0]
 [0 0 0 0 1 1 1 1 1 1 1 0 0 0]
 [0 0 0 0 1 1 1 1 1 1 1 0 0 0]
 [0 0 0 0 1 1 1 1 1 1 1 0 0 0]
 [0 0 0 0 1 1 1 1 1 1 1 0 0 0]
 [1 0 0 0 1 1 1 1 1 1 1 0 0 0]
 [1 0 0 0 0 1 1 1 1 1 1 0 0 0]
 [1 0 0 0 0 1 1 1 1 1 0 0 0 0]
 [1 0 0 0 0 0 1 1 1 1 0 0 0 0]
 [1 1 0 0 0 0 0 0 0 0 0 0 0 1]
 [1 1 1 0 0 0 0 0 0 0 0 0 0 1]
 [1 1 1 1 0 0 0 0 0 0 0 0 1 1]
 [1 1 1 1 1 1 0 0 0 0 0 0 0 1]
 [1 1 1 1 1 1 1 1 1 0 0 0 0 0]
 [1 1 1 1 1 1 1 1 1 1 0 0 0 0]
 [1 1 1 1 1 1 1 1 1 1 1 0 0 1]]

[ R ]
0.6818181818181818
(22, 15)
[[0 0 0 0 0 0 0 0 1 1 1 1 1 1 1]
 [0 0 0 0 0 0 0 0 0 0 0 1 1 1 1]
 [0 0 0 0 0 0 0 0 0 0 0 0 1 1 1]
 [0 0 0 0 0 0 0 0 0 0 0 0 0 1 1]
 [0 0 0 0 1 1 1 1 1 0 0 0 0 1 1]
 [0 0 0 0 1 1 1 1 1 0 0 0 0 0 1]
 [0 0 0 0 1 1 1 1 1 1 0 0 0 0 1]
 [0 0 0 0 1 1 1 1 1 1 0 0 0 0 1]
 [0 0 0 0 1 1 1 1 1 0 0 0 0 0 1]
 [0 0 0 0 1 1 1 1 1 0 0 0 0 1 1]
 [0 0 0 0 0 0 0 0 0 0 0 0 0 1 1]
 [0 0 0 0 0 0 0 0 0 0 0 1 1 1 1]
 [0 0 0 0 0 0 0 0 0 0 0 1 1 1 1]
 [0 0 0 0 1 1 0 0 0 0 0 0 1 1 1]
 [0 0 0 0 1 1 1 1 0 0 0 0 1 1 1]
 [0 0 0 0 1 1 1 1 1 0 0 0 0 1 1]
 [0 0 0 0 1 1 1 1 1 0 0 0 0 0 1]
 [0 0 0 0 1 1 1 1 1 1 0 0 0 0 1]
 [0 0 0 0 1 1 1 1 1 1 0 0 0 0 0]
 [0 0 0 0 1 1 1 1 1 1 1 0 0 0 0]
 [0 0 0 0 1 1 1 1 1 1 1 0 0 0 0]
 [0 0 0 0 1 1 1 1 1 1 1 1 0 0 0]]

[ S ]
0.5652173913043478
(23, 13)
[[1 1 1 1 0 0 0 0 0 0 0 1 1]
 [1 1 0 0 0 0 0 0 0 0 0 0 0]
 [1 0 0 0 0 0 0 0 0 0 0 0 0]
 [1 0 0 0 0 0 1 1 1 0 0 0 0]
 [0 0 0 0 1 1 1 1 1 1 1 1 0]
 [0 0 0 0 1 1 1 1 1 1 1 1 1]
 [0 0 0 0 1 1 1 1 1 1 1 1 1]
 [0 0 0 0 1 1 1 1 1 1 1 1 1]
 [0 0 0 0 0 1 1 1 1 1 1 1 1]
 [1 0 0 0 0 0 0 0 0 1 1 1 1]
 [1 0 0 0 0 0 0 0 0 0 0 1 1]
 [1 1 1 0 0 0 0 0 0 0 0 0 0]
 [1 1 1 1 1 0 0 0 0 0 0 0 0]
 [1 1 1 1 1 1 1 1 1 0 0 0 0]
 [1 1 1 1 1 1 1 1 1 1 0 0 0]
 [1 1 1 1 1 1 1 1 1 1 1 0 0]
 [1 1 1 1 1 1 1 1 1 1 1 0 0]
 [1 1 1 1 1 1 1 1 1 1 0 0 0]
 [0 0 0 1 1 1 1 1 1 1 0 0 0]
 [0 0 0 0 0 0 0 0 0 0 0 0 0]
 [0 0 0 0 0 0 0 0 0 0 0 0 0]
 [1 0 0 0 0 0 0 0 0 0 0 0 1]
 [1 1 1 1 0 0 0 0 0 1 1 1 1]]

[ T ]
0.7272727272727273
(22, 16)
[[1 0 0 0 0 0 0 0 0 0 0 0 0 0 0 0]
 [0 0 0 0 0 0 0 0 0 0 0 0 0 0 0 0]
 [0 0 0 0 0 0 0 0 0 0 0 0 0 0 0 0]
 [1 0 0 0 0 0 0 0 0 0 0 0 0 0 0 0]
 [1 1 1 1 1 1 1 0 0 0 0 1 1 1 1 1]
 [1 1 1 1 1 1 1 0 0 0 0 1 1 1 1 1]
 [1 1 1 1 1 1 1 0 0 0 0 1 1 1 1 1]
 [1 1 1 1 1 1 1 0 0 0 0 1 1 1 1 1]
 [1 1 1 1 1 1 1 0 0 0 0 1 1 1 1 1]
 [1 1 1 1 1 1 1 0 0 0 0 1 1 1 1 1]
 [1 1 1 1 1 1 1 0 0 0 0 1 1 1 1 1]
 [1 1 1 1 1 1 1 0 0 0 0 1 1 1 1 1]
 [1 1 1 1 1 1 1 0 0 0 0 1 1 1 1 1]
 [1 1 1 1 1 1 1 0 0 0 0 1 1 1 1 1]
 [1 1 1 1 1 1 1 0 0 0 0 1 1 1 1 1]
 [1 1 1 1 1 1 1 0 0 0 0 1 1 1 1 1]
 [1 1 1 1 1 1 1 0 0 0 0 1 1 1 1 1]
 [1 1 1 1 1 1 1 0 0 0 0 1 1 1 1 1]
 [1 1 1 1 1 1 1 0 0 0 0 1 1 1 1 1]
 [1 1 1 1 1 1 1 0 0 0 0 1 1 1 1 1]
 [1 1 1 1 1 1 1 0 0 0 0 1 1 1 1 1]
 [1 1 1 1 1 1 1 0 0 0 0 1 1 1 1 1]]

[ U ]
0.5652173913043478
(23, 13)
[[0 0 0 1 1 1 1 1 1 1 1 0 0]
 [0 0 0 0 1 1 1 1 1 1 0 0 0]
 [0 0 0 0 1 1 1 1 1 1 0 0 0]
 [0 0 0 0 1 1 1 1 1 1 0 0 0]
 [0 0 0 0 1 1 1 1 1 1 0 0 0]
 [0 0 0 0 1 1 1 1 1 1 0 0 0]
 [0 0 0 0 1 1 1 1 1 1 0 0 0]
 [0 0 0 0 1 1 1 1 1 1 0 0 0]
 [0 0 0 0 1 1 1 1 1 1 0 0 0]
 [0 0 0 0 1 1 1 1 1 1 0 0 0]
 [0 0 0 0 1 1 1 1 1 1 0 0 0]
 [0 0 0 0 1 1 1 1 1 1 0 0 0]
 [0 0 0 0 1 1 1 1 1 1 0 0 0]
 [0 0 0 0 1 1 1 1 1 1 0 0 0]
 [0 0 0 0 1 1 1 1 1 1 0 0 0]
 [0 0 0 0 1 1 1 1 1 1 0 0 0]
 [0 0 0 0 1 1 1 1 1 1 0 0 0]
 [0 0 0 0 1 1 1 1 1 1 0 0 0]
 [0 0 0 0 0 1 1 1 1 0 0 0 0]
 [1 0 0 0 0 0 0 0 0 0 0 0 0]
 [1 0 0 0 0 0 0 0 0 0 0 0 1]
 [1 1 1 0 0 0 0 0 0 0 0 1 1]
 [1 1 1 1 1 0 0 0 0 1 1 1 1]]

[ V ]
0.6818181818181818
(22, 15)
[[0 0 0 1 1 1 1 1 1 1 1 1 1 0 0]
 [0 0 0 0 1 1 1 1 1 1 1 1 0 0 0]
 [0 0 0 0 1 1 1 1 1 1 1 1 0 0 0]
 [1 0 0 0 1 1 1 1 1 1 1 1 0 0 0]
 [1 0 0 0 0 1 1 1 1 1 1 1 0 0 0]
 [1 0 0 0 0 1 1 1 1 1 1 0 0 0 0]
 [1 0 0 0 0 1 1 1 1 1 1 0 0 0 0]
 [1 1 0 0 0 0 1 1 1 1 1 0 0 0 0]
 [1 1 0 0 0 0 1 1 1 1 1 0 0 0 1]
 [1 1 0 0 0 0 1 1 1 1 0 0 0 0 1]
 [1 1 1 0 0 0 1 1 1 1 0 0 0 0 1]
 [1 1 1 0 0 0 0 1 1 1 0 0 0 1 1]
 [1 1 1 0 0 0 0 1 1 0 0 0 0 1 1]
 [1 1 1 0 0 0 0 1 1 0 0 0 0 1 1]
 [1 1 1 1 0 0 0 1 1 0 0 0 0 1 1]
 [1 1 1 1 0 0 0 0 1 0 0 0 1 1 1]
 [1 1 1 1 0 0 0 0 0 0 0 0 1 1 1]
 [1 1 1 1 1 0 0 0 0 0 0 0 1 1 1]
 [1 1 1 1 1 0 0 0 0 0 0 1 1 1 1]
 [1 1 1 1 1 0 0 0 0 0 0 1 1 1 1]
 [1 1 1 1 1 1 0 0 0 0 0 1 1 1 1]
 [1 1 1 1 1 1 0 0 0 0 0 1 1 1 1]]

[ W ]
0.7727272727272727
(22, 17)
[[0 0 0 1 1 1 1 1 1 1 1 1 1 1 1 0 0]
 [0 0 0 0 1 1 1 1 1 1 1 1 1 1 0 0 0]
 [0 0 0 0 1 1 1 1 1 1 1 1 1 1 0 0 0]
 [0 0 0 0 1 1 1 1 1 1 1 1 1 1 0 0 0]
 [0 0 0 0 1 1 1 1 1 1 1 1 1 1 0 0 0]
 [0 0 0 0 1 1 1 1 1 1 1 1 1 1 0 0 0]
 [1 0 0 0 1 1 1 0 0 0 0 1 1 1 0 0 0]
 [1 0 0 0 1 1 1 0 0 0 0 1 1 1 0 0 0]
 [1 0 0 0 1 1 0 0 0 0 0 1 1 0 0 0 0]
 [1 0 0 0 0 1 0 0 0 0 0 0 1 0 0 0 0]
 [1 0 0 0 0 1 0 0 0 0 0 0 1 0 0 0 0]
 [1 0 0 0 0 1 0 0 0 0 0 0 1 0 0 0 0]
 [1 0 0 0 0 1 0 0 0 0 0 0 1 0 0 0 1]
 [1 1 0 0 0 0 0 0 1 0 0 0 1 0 0 0 1]
 [1 1 0 0 0 0 0 0 1 1 0 0 0 0 0 0 1]
 [1 1 0 0 0 0 0 0 1 1 0 0 0 0 0 0 1]
 [1 1 0 0 0 0 0 0 1 1 0 0 0 0 0 0 1]
 [1 1 0 0 0 0 0 0 1 1 0 0 0 0 0 0 1]
 [1 1 0 0 0 0 0 1 1 1 0 0 0 0 0 1 1]
 [1 1 1 0 0 0 0 1 1 1 1 0 0 0 0 1 1]
 [1 1 1 0 0 0 0 1 1 1 1 0 0 0 0 1 1]
 [1 1 1 0 0 0 0 1 1 1 1 0 0 0 0 1 1]]

[ X ]
0.7272727272727273
(22, 16)
[[1 0 0 0 1 1 1 1 1 1 1 1 1 0 0 0]
 [1 0 0 0 0 1 1 1 1 1 1 1 1 0 0 0]
 [1 1 0 0 0 0 1 1 1 1 1 1 0 0 0 0]
 [1 1 0 0 0 0 1 1 1 1 1 0 0 0 0 0]
 [1 1 1 0 0 0 0 1 1 1 1 0 0 0 0 1]
 [1 1 1 0 0 0 0 0 1 1 0 0 0 0 1 1]
 [1 1 1 1 0 0 0 0 1 1 0 0 0 0 1 1]
 [1 1 1 1 1 0 0 0 0 0 0 0 0 1 1 1]
 [1 1 1 1 1 0 0 0 0 0 0 0 1 1 1 1]
 [1 1 1 1 1 1 0 0 0 0 0 0 1 1 1 1]
 [1 1 1 1 1 1 0 0 0 0 0 1 1 1 1 1]
 [1 1 1 1 1 1 0 0 0 0 0 1 1 1 1 1]
 [1 1 1 1 1 1 0 0 0 0 0 0 1 1 1 1]
 [1 1 1 1 1 0 0 0 0 0 0 0 0 1 1 1]
 [1 1 1 1 0 0 0 0 1 0 0 0 0 1 1 1]
 [1 1 1 1 0 0 0 0 1 1 0 0 0 0 1 1]
 [1 1 1 0 0 0 0 1 1 1 0 0 0 0 1 1]
 [1 1 0 0 0 0 0 1 1 1 1 0 0 0 0 1]
 [1 1 0 0 0 0 1 1 1 1 1 1 0 0 0 0]
 [1 0 0 0 0 1 1 1 1 1 1 1 0 0 0 0]
 [0 0 0 0 0 1 1 1 1 1 1 1 1 0 0 0]
 [0 0 0 0 1 1 1 1 1 1 1 1 1 0 0 0]]

[ Y ]
0.7272727272727273
(22, 16)
[[0 0 0 0 1 1 1 1 1 1 1 1 1 0 0 0]
 [0 0 0 0 1 1 1 1 1 1 1 1 1 0 0 0]
 [1 0 0 0 0 1 1 1 1 1 1 1 0 0 0 0]
 [1 0 0 0 0 1 1 1 1 1 1 0 0 0 0 0]
 [1 1 0 0 0 0 1 1 1 1 1 0 0 0 0 1]
 [1 1 0 0 0 0 1 1 1 1 0 0 0 0 1 1]
 [1 1 1 0 0 0 0 1 1 1 0 0 0 0 1 1]
 [1 1 1 1 0 0 0 0 1 0 0 0 0 1 1 1]
 [1 1 1 1 0 0 0 0 1 0 0 0 0 1 1 1]
 [1 1 1 1 1 0 0 0 0 0 0 0 1 1 1 1]
 [1 1 1 1 1 0 0 0 0 0 0 0 1 1 1 1]
 [1 1 1 1 1 1 0 0 0 0 0 1 1 1 1 1]
 [1 1 1 1 1 1 0 0 0 0 1 1 1 1 1 1]
 [1 1 1 1 1 1 0 0 0 0 1 1 1 1 1 1]
 [1 1 1 1 1 1 1 0 0 0 1 1 1 1 1 1]
 [1 1 1 1 1 1 0 0 0 0 1 1 1 1 1 1]
 [1 1 1 1 1 1 0 0 0 0 1 1 1 1 1 1]
 [1 1 1 1 1 1 0 0 0 0 1 1 1 1 1 1]
 [1 1 1 1 1 1 0 0 0 0 1 1 1 1 1 1]
 [1 1 1 1 1 1 0 0 0 0 1 1 1 1 1 1]
 [1 1 1 1 1 1 0 0 0 0 1 1 1 1 1 1]
 [1 1 1 1 1 1 0 0 0 0 1 1 1 1 1 1]]

[ Z ]
0.6363636363636364
(22, 14)
[[0 0 0 0 0 0 0 0 0 0 0 0 0 0]
 [0 0 0 0 0 0 0 0 0 0 0 0 0 0]
 [0 0 0 0 0 0 0 0 0 0 0 0 0 0]
 [0 0 0 0 0 0 0 0 0 0 0 0 0 0]
 [1 1 1 1 1 1 1 1 1 0 0 0 0 0]
 [1 1 1 1 1 1 1 1 1 0 0 0 0 1]
 [1 1 1 1 1 1 1 1 0 0 0 0 1 1]
 [1 1 1 1 1 1 1 0 0 0 0 0 1 1]
 [1 1 1 1 1 1 1 0 0 0 0 1 1 1]
 [1 1 1 1 1 1 0 0 0 0 1 1 1 1]
 [1 1 1 1 1 1 0 0 0 0 1 1 1 1]
 [1 1 1 1 1 0 0 0 0 1 1 1 1 1]
 [1 1 1 1 0 0 0 0 1 1 1 1 1 1]
 [1 1 1 1 0 0 0 0 1 1 1 1 1 1]
 [1 1 1 0 0 0 0 1 1 1 1 1 1 1]
 [1 1 0 0 0 0 1 1 1 1 1 1 1 1]
 [1 1 0 0 0 0 1 1 1 1 1 1 1 1]
 [1 0 0 0 0 1 1 1 1 1 1 1 1 1]
 [0 0 0 0 1 1 1 1 1 1 1 1 1 1]
 [0 0 0 0 0 0 0 0 0 0 0 0 0 0]
 [0 0 0 0 0 0 0 0 0 0 0 0 0 0]
 [0 0 0 0 0 0 0 0 0 0 0 0 0 0]]

[ 0 ]
0.5652173913043478
(23, 13)
[[1 1 1 1 1 0 0 0 0 1 1 1 1]
 [1 1 1 0 0 0 0 0 0 0 0 1 1]
 [1 1 0 0 0 0 0 0 0 0 0 0 1]
 [1 0 0 0 0 0 1 1 0 0 0 0 0]
 [1 0 0 0 0 1 1 1 1 0 0 0 0]
 [0 0 0 0 1 1 1 1 1 0 0 0 0]
 [0 0 0 0 1 1 1 1 0 0 0 0 0]
 [0 0 0 0 1 1 1 0 0 0 0 0 0]
 [0 0 0 0 1 1 1 0 0 0 0 0 0]
 [0 0 0 0 1 1 0 0 0 0 0 0 0]
 [0 0 0 0 1 1 0 0 0 1 0 0 0]
 [0 0 0 1 1 0 0 0 1 1 0 0 0]
 [0 0 0 0 0 0 0 0 1 1 0 0 0]
 [0 0 0 0 0 0 0 1 1 1 0 0 0]
 [0 0 0 0 0 0 0 1 1 1 0 0 0]
 [0 0 0 0 0 0 1 1 1 1 0 0 0]
 [0 0 0 0 0 1 1 1 1 1 0 0 0]
 [1 0 0 0 0 1 1 1 1 0 0 0 0]
 [1 0 0 0 0 1 1 1 1 0 0 0 0]
 [1 0 0 0 0 0 0 0 0 0 0 0 0]
 [1 1 0 0 0 0 0 0 0 0 0 0 1]
 [1 1 1 0 0 0 0 0 0 0 0 1 1]
 [1 1 1 1 1 1 0 0 1 1 1 1 1]]

[ 1 ]
0.5909090909090909
(22, 13)
[[1 1 1 1 1 1 0 0 0 1 1 1 1]
 [1 1 1 1 0 0 0 0 0 1 1 1 1]
 [1 0 0 0 0 0 0 0 0 1 1 1 1]
 [0 0 0 0 0 0 0 0 0 1 1 1 1]
 [0 0 0 0 0 0 0 0 0 1 1 1 1]
 [0 0 0 1 1 0 0 0 0 1 1 1 1]
 [1 1 1 1 1 0 0 0 0 1 1 1 1]
 [1 1 1 1 1 0 0 0 0 1 1 1 1]
 [1 1 1 1 1 0 0 0 0 1 1 1 1]
 [1 1 1 1 1 0 0 0 0 1 1 1 1]
 [1 1 1 1 1 0 0 0 0 1 1 1 1]
 [1 1 1 1 1 0 0 0 0 1 1 1 1]
 [1 1 1 1 1 0 0 0 0 1 1 1 1]
 [1 1 1 1 1 0 0 0 0 1 1 1 1]
 [1 1 1 1 1 0 0 0 0 1 1 1 1]
 [1 1 1 1 1 0 0 0 0 1 1 1 1]
 [1 1 1 1 1 0 0 0 0 1 1 1 1]
 [1 1 1 1 1 0 0 0 0 1 1 1 1]
 [1 1 1 1 1 0 0 0 0 1 1 1 1]
 [1 0 0 0 0 0 0 0 0 0 0 0 0]
 [1 0 0 0 0 0 0 0 0 0 0 0 0]
 [1 0 0 0 0 0 0 0 0 0 0 0 0]]

[ 2 ]
0.5454545454545454
(22, 12)
[[1 1 1 0 0 0 0 0 0 1 1 1]
 [0 0 0 0 0 0 0 0 0 0 0 1]
 [0 0 0 0 0 0 0 0 0 0 0 0]
 [0 0 0 0 0 1 1 0 0 0 0 0]
 [0 0 1 1 1 1 1 1 1 0 0 0]
 [1 1 1 1 1 1 1 1 1 0 0 0]
 [1 1 1 1 1 1 1 1 1 0 0 0]
 [1 1 1 1 1 1 1 1 1 0 0 0]
 [1 1 1 1 1 1 1 1 1 0 0 0]
 [1 1 1 1 1 1 1 1 0 0 0 0]
 [1 1 1 1 1 1 1 1 0 0 0 0]
 [1 1 1 1 1 1 1 0 0 0 0 1]
 [1 1 1 1 1 1 0 0 0 0 1 1]
 [1 1 1 1 1 0 0 0 0 0 1 1]
 [1 1 1 1 0 0 0 0 0 1 1 1]
 [1 1 1 0 0 0 0 0 1 1 1 1]
 [1 1 0 0 0 0 0 1 1 1 1 1]
 [1 0 0 0 0 0 1 1 1 1 1 1]
 [0 0 0 0 0 1 1 1 1 1 1 1]
 [0 0 0 0 0 0 0 0 0 0 0 0]
 [0 0 0 0 0 0 0 0 0 0 0 0]
 [0 0 0 0 0 0 0 0 0 0 0 0]]

[ 3 ]
0.5652173913043478
(23, 13)
[[1 1 0 0 0 0 0 0 0 1 1 1 1]
 [0 0 0 0 0 0 0 0 0 0 0 1 1]
 [0 0 0 0 0 0 0 0 0 0 0 0 1]
 [0 0 0 0 0 1 1 0 0 0 0 0 0]
 [1 1 1 1 1 1 1 1 1 0 0 0 0]
 [1 1 1 1 1 1 1 1 1 0 0 0 0]
 [1 1 1 1 1 1 1 1 1 1 0 0 0]
 [1 1 1 1 1 1 1 1 1 0 0 0 0]
 [1 1 1 1 1 1 1 1 0 0 0 0 0]
 [1 1 1 0 0 0 0 0 0 0 0 0 1]
 [1 1 1 0 0 0 0 0 0 0 0 1 1]
 [1 1 1 0 0 0 0 0 0 0 0 0 1]
 [1 1 1 1 1 1 1 0 0 0 0 0 0]
 [1 1 1 1 1 1 1 1 1 0 0 0 0]
 [1 1 1 1 1 1 1 1 1 1 0 0 0]
 [1 1 1 1 1 1 1 1 1 1 0 0 0]
 [1 1 1 1 1 1 1 1 1 1 0 0 0]
 [1 1 1 1 1 1 1 1 1 1 0 0 0]
 [0 0 1 1 1 1 1 1 1 0 0 0 0]
 [0 0 0 0 0 0 0 0 0 0 0 0 0]
 [0 0 0 0 0 0 0 0 0 0 0 0 1]
 [0 0 0 0 0 0 0 0 0 0 0 1 1]
 [1 1 1 1 0 0 0 0 1 1 1 1 1]]

[ 4 ]
0.6363636363636364
(22, 14)
[[1 1 1 1 1 1 1 1 0 0 0 0 1 1]
 [1 1 1 1 1 1 1 1 0 0 0 0 1 1]
 [1 1 1 1 1 1 1 0 0 0 0 0 1 1]
 [1 1 1 1 1 1 0 0 0 0 0 0 1 1]
 [1 1 1 1 1 1 0 0 0 0 0 0 1 1]
 [1 1 1 1 1 0 0 0 0 0 0 0 1 1]
 [1 1 1 1 0 0 0 0 1 0 0 0 1 1]
 [1 1 1 1 0 0 0 1 1 0 0 0 1 1]
 [1 1 1 0 0 0 0 1 1 0 0 0 1 1]
 [1 1 1 0 0 0 1 1 1 0 0 0 1 1]
 [1 1 0 0 0 1 1 1 1 0 0 0 1 1]
 [1 0 0 0 0 1 1 1 1 0 0 0 1 1]
 [1 0 0 0 1 1 1 1 1 0 0 0 1 1]
 [0 0 0 0 1 1 1 1 1 0 0 0 1 1]
 [0 0 0 0 0 0 0 0 0 0 0 0 0 0]
 [0 0 0 0 0 0 0 0 0 0 0 0 0 0]
 [0 0 0 0 0 0 0 0 0 0 0 0 0 0]
 [1 1 1 1 1 1 1 1 1 0 0 0 1 1]
 [1 1 1 1 1 1 1 1 1 0 0 0 1 1]
 [1 1 1 1 1 1 1 1 1 0 0 0 1 1]
 [1 1 1 1 1 1 1 1 1 0 0 0 1 1]
 [1 1 1 1 1 1 1 1 1 0 0 0 1 1]]

[ 5 ]
0.5652173913043478
(23, 13)
[[1 0 0 0 0 0 0 0 0 0 0 0 1]
 [0 0 0 0 0 0 0 0 0 0 0 0 1]
 [0 0 0 0 0 0 0 0 0 0 0 0 1]
 [0 0 0 0 0 0 0 0 0 0 0 0 1]
 [0 0 0 0 1 1 1 1 1 1 1 1 1]
 [0 0 0 0 1 1 1 1 1 1 1 1 1]
 [0 0 0 0 1 1 1 1 1 1 1 1 1]
 [0 0 0 0 1 0 1 1 1 1 1 1 1]
 [0 0 0 0 0 0 0 0 0 0 1 1 1]
 [0 0 0 0 0 0 0 0 0 0 0 1 1]
 [0 0 0 0 0 0 0 0 0 0 0 0 1]
 [1 0 1 1 1 1 1 1 0 0 0 0 0]
 [1 1 1 1 1 1 1 1 1 0 0 0 0]
 [1 1 1 1 1 1 1 1 1 0 0 0 0]
 [1 1 1 1 1 1 1 1 1 1 0 0 0]
 [1 1 1 1 1 1 1 1 1 1 0 0 0]
 [1 1 1 1 1 1 1 1 1 0 0 0 0]
 [1 1 1 1 1 1 1 1 1 0 0 0 0]
 [0 0 1 1 1 1 1 1 0 0 0 0 0]
 [0 0 0 0 0 0 0 0 0 0 0 0 1]
 [0 0 0 0 0 0 0 0 0 0 0 0 1]
 [0 0 0 0 0 0 0 0 0 0 1 1 1]
 [1 1 0 0 0 0 0 1 1 1 1 1 1]]

[ 6 ]
0.5652173913043478
(23, 13)
[[1 1 1 1 1 0 0 0 0 0 0 1 1]
 [1 1 1 0 0 0 0 0 0 0 0 0 0]
 [1 1 0 0 0 0 0 0 0 0 0 0 0]
 [1 0 0 0 0 0 0 0 1 0 0 0 0]
 [1 0 0 0 0 1 1 1 1 1 1 1 1]
 [1 0 0 0 1 1 1 1 1 1 1 1 1]
 [0 0 0 0 1 1 1 1 1 1 1 1 1]
 [0 0 0 0 1 1 1 0 1 1 1 1 1]
 [0 0 0 1 0 0 0 0 0 0 0 1 1]
 [0 0 0 0 0 0 0 0 0 0 0 0 1]
 [0 0 0 0 0 0 0 0 0 0 0 0 0]
 [0 0 0 0 0 1 1 1 1 0 0 0 0]
 [0 0 0 0 1 1 1 1 1 1 0 0 0]
 [0 0 0 0 1 1 1 1 1 1 0 0 0]
 [0 0 0 0 1 1 1 1 1 1 0 0 0]
 [0 0 0 0 1 1 1 1 1 1 0 0 0]
 [0 0 0 0 1 1 1 1 1 1 0 0 0]
 [0 0 0 0 1 1 1 1 1 1 0 0 0]
 [1 0 0 0 0 1 1 1 1 0 0 0 0]
 [1 0 0 0 0 0 0 0 0 0 0 0 0]
 [1 1 0 0 0 0 0 0 0 0 0 0 0]
 [1 1 1 0 0 0 0 0 0 0 0 1 1]
 [1 1 1 1 1 1 0 0 0 1 1 1 1]]

[ 7 ]
0.5909090909090909
(22, 13)
[[1 0 0 0 0 0 0 0 0 0 0 0 0]
 [0 0 0 0 0 0 0 0 0 0 0 0 0]
 [0 0 0 0 0 0 0 0 0 0 0 0 0]
 [1 0 0 0 0 0 0 0 0 0 0 0 0]
 [1 1 1 1 1 1 1 1 1 1 0 0 0]
 [1 1 1 1 1 1 1 1 1 0 0 0 0]
 [1 1 1 1 1 1 1 1 1 0 0 0 0]
 [1 1 1 1 1 1 1 1 1 0 0 0 1]
 [1 1 1 1 1 1 1 1 0 0 0 0 1]
 [1 1 1 1 1 1 1 1 0 0 0 0 1]
 [1 1 1 1 1 1 1 0 0 0 0 1 1]
 [1 1 1 1 1 1 1 0 0 0 0 1 1]
 [1 1 1 1 1 1 1 0 0 0 0 1 1]
 [1 1 1 1 1 1 0 0 0 0 1 1 1]
 [1 1 1 1 1 1 0 0 0 0 1 1 1]
 [1 1 1 1 1 0 0 0 0 1 1 1 1]
 [1 1 1 1 1 0 0 0 0 1 1 1 1]
 [1 1 1 1 1 0 0 0 0 1 1 1 1]
 [1 1 1 1 0 0 0 0 1 1 1 1 1]
 [1 1 1 1 0 0 0 0 1 1 1 1 1]
 [1 1 1 0 0 0 0 1 1 1 1 1 1]
 [1 1 1 0 0 0 0 1 1 1 1 1 1]]

[ 8 ]
0.6086956521739131
(23, 14)
[[1 1 1 1 1 0 0 0 0 0 0 1 1 1]
 [1 1 1 0 0 0 0 0 0 0 0 0 0 1]
 [1 1 0 0 0 0 0 0 0 0 0 0 0 1]
 [1 0 0 0 0 0 1 1 1 0 0 0 0 0]
 [1 0 0 0 0 1 1 1 1 1 0 0 0 0]
 [1 0 0 0 0 1 1 1 1 1 1 0 0 0]
 [1 0 0 0 0 1 1 1 1 1 1 0 0 0]
 [1 0 0 0 0 1 1 1 1 1 0 0 0 0]
 [1 1 0 0 0 0 1 1 1 1 0 0 0 0]
 [1 1 0 0 0 0 0 0 0 0 0 0 0 1]
 [1 1 1 0 0 0 0 0 0 0 0 0 1 1]
 [1 1 0 0 0 0 0 0 0 0 0 0 0 1]
 [1 0 0 0 0 0 0 1 0 0 0 0 0 0]
 [1 0 0 0 0 1 1 1 1 1 0 0 0 0]
 [1 0 0 0 1 1 1 1 1 1 1 0 0 0]
 [0 0 0 0 1 1 1 1 1 1 1 0 0 0]
 [0 0 0 0 1 1 1 1 1 1 1 0 0 0]
 [1 0 0 0 0 1 1 1 1 1 1 0 0 0]
 [1 0 0 0 0 1 1 1 1 1 0 0 0 0]
 [1 0 0 0 0 0 0 0 0 0 0 0 0 0]
 [1 1 0 0 0 0 0 0 0 0 0 0 0 1]
 [1 1 1 0 0 0 0 0 0 0 0 0 1 1]
 [1 1 1 1 1 1 0 0 0 1 1 1 1 1]]

[ 9 ]
0.5652173913043478
(23, 13)
[[1 1 1 1 0 0 0 0 0 0 1 1 1]
 [1 1 0 0 0 0 0 0 0 0 0 1 1]
 [1 0 0 0 0 0 0 0 0 0 0 0 1]
 [1 0 0 0 0 0 1 1 0 0 0 0 0]
 [0 0 0 0 1 1 1 1 1 0 0 0 0]
 [0 0 0 0 1 1 1 1 1 1 0 0 0]
 [0 0 0 0 1 1 1 1 1 1 0 0 0]
 [0 0 0 0 1 1 1 1 1 1 0 0 0]
 [0 0 0 0 1 1 1 1 1 1 0 0 0]
 [0 0 0 0 1 1 1 1 1 1 0 0 0]
 [0 0 0 0 1 1 1 1 1 1 0 0 0]
 [1 0 0 0 0 1 1 1 1 0 0 0 0]
 [1 0 0 0 0 0 0 0 0 0 0 0 0]
 [1 1 0 0 0 0 0 0 0 0 0 0 0]
 [1 1 1 0 0 0 0 0 0 1 0 0 0]
 [1 1 1 1 1 1 1 1 1 1 0 0 0]
 [1 1 1 1 1 1 1 1 1 1 0 0 0]
 [1 1 1 1 1 1 1 1 1 0 0 0 0]
 [1 1 1 1 1 1 1 1 0 0 0 0 0]
 [1 0 0 0 0 0 0 0 0 0 0 0 1]
 [1 0 0 0 0 0 0 0 0 0 0 1 1]
 [1 0 0 0 0 0 0 0 0 0 1 1 1]
 [1 1 1 1 0 0 0 1 1 1 1 1 1]]

[ ! ]
0.13636363636363635
(22, 3)
[[0 0 0]
 [0 0 0]
 [0 0 0]
 [0 0 0]
 [0 0 0]
 [0 0 0]
 [0 0 0]
 [0 0 0]
 [0 0 0]
 [0 0 0]
 [0 0 0]
 [0 0 0]
 [0 0 0]
 [0 0 0]
 [0 0 0]
 [1 1 1]
 [1 1 1]
 [1 1 1]
 [0 0 0]
 [0 0 0]
 [0 0 0]
 [0 0 0]]

[ $ ]
0.4642857142857143
(28, 13)
[[1 1 1 1 1 1 0 0 1 1 1 1 1]
 [1 1 1 1 1 1 0 0 1 1 1 1 1]
 [1 1 1 1 1 1 0 0 1 1 1 1 1]
 [1 1 1 1 1 1 0 0 1 1 1 1 1]
 [1 1 1 0 0 0 0 0 0 0 0 0 1]
 [1 1 0 0 0 0 0 0 0 0 0 0 0]
 [1 0 0 0 0 0 0 0 0 0 0 0 0]
 [0 0 0 0 1 1 0 0 1 1 1 0 0]
 [0 0 0 0 1 1 0 0 1 1 1 1 1]
 [0 0 0 0 1 1 0 0 1 1 1 1 1]
 [0 0 0 0 1 1 0 0 1 1 1 1 1]
 [1 0 0 0 0 0 0 0 1 1 1 1 1]
 [1 0 0 0 0 0 0 0 0 0 1 1 1]
 [1 1 0 0 0 0 0 0 0 0 0 0 1]
 [1 1 1 1 1 0 0 0 0 0 0 0 0]
 [1 1 1 1 1 1 0 0 1 0 0 0 0]
 [1 1 1 1 1 1 0 0 1 1 0 0 0]
 [1 1 1 1 1 1 0 0 1 1 0 0 0]
 [1 1 1 1 1 1 0 0 1 1 0 0 0]
 [0 0 0 1 1 1 0 0 1 1 0 0 0]
 [0 0 0 0 0 0 0 0 0 0 0 0 0]
 [0 0 0 0 0 0 0 0 0 0 0 0 1]
 [1 1 0 0 0 0 0 0 0 0 0 1 1]
 [1 1 1 1 1 1 0 0 1 1 1 1 1]
 [1 1 1 1 1 1 0 0 1 1 1 1 1]
 [1 1 1 1 1 1 0 0 1 1 1 1 1]
 [1 1 1 1 1 1 0 0 1 1 1 1 1]
 [1 1 1 1 1 1 0 0 1 1 1 1 1]]

[ % ]
0.7619047619047619
(21, 16)
[[1 1 1 0 0 0 1 1 1 1 1 1 1 1 1 1]
 [1 0 0 0 0 0 0 0 1 1 1 1 1 1 1 1]
 [0 0 0 0 0 0 0 0 0 1 1 1 1 1 1 1]
 [0 0 0 0 1 0 0 0 0 1 1 1 1 1 1 1]
 [0 0 0 1 1 1 0 0 0 1 1 1 1 1 1 1]
 [0 0 0 1 1 1 0 0 0 1 1 1 1 1 1 1]
 [0 0 0 1 1 1 0 0 0 1 1 1 1 1 1 0]
 [0 0 0 0 0 0 0 0 0 1 1 1 1 0 0 0]
 [1 0 0 0 0 0 0 0 1 1 0 0 0 0 0 0]
 [1 1 0 0 0 0 0 1 0 0 0 0 0 0 0 1]
 [1 1 1 1 1 0 0 0 0 0 0 0 0 1 1 1]
 [1 1 1 0 0 0 0 0 0 0 1 0 0 1 1 1]
 [0 0 0 0 0 0 0 1 1 0 0 0 0 0 0 1]
 [0 0 0 0 0 1 1 1 0 0 0 0 0 0 0 0]
 [0 0 1 1 1 1 1 0 0 0 0 1 0 0 0 0]
 [1 1 1 1 1 1 1 0 0 0 1 1 1 1 0 0]
 [1 1 1 1 1 1 1 0 0 0 1 1 1 1 0 0]
 [1 1 1 1 1 1 1 0 0 0 1 1 1 0 0 0]
 [1 1 1 1 1 1 1 0 0 0 0 0 0 0 0 0]
 [1 1 1 1 1 1 1 1 0 0 0 0 0 0 0 0]
 [1 1 1 1 1 1 1 1 1 0 0 0 0 0 0 1]]

[ & ]
0.6956521739130435
(23, 16)
[[1 1 1 1 1 1 0 0 0 0 0 0 1 1 1 1]
 [1 1 1 1 0 0 0 0 0 0 0 0 0 1 1 1]
 [1 1 1 0 0 0 0 0 0 0 0 0 0 1 1 1]
 [1 1 1 0 0 0 0 0 1 1 1 0 0 1 1 1]
 [1 1 1 0 0 0 0 1 1 1 1 1 1 1 1 1]
 [1 1 1 0 0 0 1 1 1 1 1 1 1 1 1 1]
 [1 1 1 0 0 0 0 1 1 1 1 1 1 1 1 1]
 [1 1 1 0 0 0 0 1 1 1 1 1 1 1 1 1]
 [1 1 1 1 0 0 0 0 1 1 1 1 1 1 1 1]
 [1 1 1 0 0 0 0 0 0 1 1 1 1 1 1 1]
 [1 1 0 0 0 0 0 0 0 1 1 1 1 1 1 1]
 [1 1 0 0 0 0 0 0 0 0 1 1 1 1 0 0]
 [1 0 0 0 0 1 1 0 0 0 0 1 1 1 0 0]
 [1 0 0 0 1 1 1 0 0 0 0 0 1 1 0 0]
 [0 0 0 0 1 1 1 1 0 0 0 0 1 1 0 0]
 [0 0 0 0 1 1 1 1 1 0 0 0 0 1 0 0]
 [0 0 0 0 1 1 1 1 1 1 0 0 0 0 0 0]
 [1 0 0 0 0 1 1 1 1 1 0 0 0 0 0 0]
 [1 0 0 0 0 1 1 1 1 1 1 0 0 0 0 0]
 [1 1 0 0 0 0 0 0 1 0 0 0 0 0 0 0]
 [1 1 0 0 0 0 0 0 0 0 0 0 0 0 0 0]
 [1 1 1 1 0 0 0 0 0 0 0 0 1 0 0 0]
 [1 1 1 1 1 1 0 0 0 1 1 1 1 1 1 1]]

[ ' ]
0.3
(10, 3)
[[1 0 0]
 [0 0 0]
 [0 0 0]
 [0 0 0]
 [0 0 0]
 [0 0 0]
 [0 0 0]
 [0 0 0]
 [0 0 0]
 [0 0 0]]

[ ( ]
0.2222222222222222
(27, 6)
[[1 1 1 1 0 0]
 [1 1 1 0 0 0]
 [1 1 1 0 0 0]
 [1 1 0 0 0 0]
 [1 1 0 0 0 1]
 [1 0 0 0 0 1]
 [1 0 0 0 0 1]
 [1 0 0 0 1 1]
 [0 0 0 0 1 1]
 [0 0 0 0 1 1]
 [0 0 0 0 1 1]
 [0 0 0 0 1 1]
 [0 0 0 0 1 1]
 [0 0 0 0 1 1]
 [0 0 0 0 1 1]
 [0 0 0 0 1 1]
 [0 0 0 0 1 1]
 [0 0 0 0 1 1]
 [1 0 0 0 1 1]
 [1 0 0 0 1 1]
 [1 0 0 0 0 1]
 [1 1 0 0 0 1]
 [1 1 0 0 0 0]
 [1 1 0 0 0 0]
 [1 1 1 0 0 0]
 [1 1 1 1 0 0]
 [1 1 1 1 0 0]]

[ ) ]
0.2222222222222222
(27, 6)
[[0 0 0 1 1 1]
 [0 0 0 1 1 1]
 [0 0 0 0 1 1]
 [1 0 0 0 1 1]
 [1 0 0 0 0 1]
 [1 1 0 0 0 1]
 [1 1 0 0 0 0]
 [1 1 0 0 0 0]
 [1 1 1 0 0 0]
 [1 1 1 0 0 0]
 [1 1 1 0 0 0]
 [1 1 1 0 0 0]
 [1 1 1 0 0 0]
 [1 1 1 0 0 0]
 [1 1 1 0 0 0]
 [1 1 1 0 0 0]
 [1 1 1 0 0 0]
 [1 1 1 0 0 0]
 [1 1 0 0 0 0]
 [1 1 0 0 0 0]
 [1 1 0 0 0 0]
 [1 1 0 0 0 1]
 [1 0 0 0 0 1]
 [1 0 0 0 1 1]
 [0 0 0 0 1 1]
 [0 0 0 1 1 1]
 [0 0 1 1 1 1]]

[ * ]
0.8333333333333334
(18, 15)
[[1 1 1 1 1 1 1 0 0 1 1 1 1 1 1]
 [1 1 1 1 1 1 1 0 0 0 1 1 1 1 1]
 [1 1 1 1 1 1 1 0 0 0 1 1 1 1 1]
 [1 0 1 1 1 1 1 0 0 0 1 1 1 1 1]
 [0 0 0 1 1 1 1 0 0 0 1 1 1 0 0]
 [0 0 0 0 0 1 1 0 0 0 1 0 0 0 0]
 [1 0 0 0 0 0 0 0 0 0 0 0 0 0 0]
 [1 1 1 0 0 0 0 0 0 0 0 0 0 0 1]
 [1 1 1 1 1 0 0 0 0 0 0 0 1 1 1]
 [1 1 1 1 1 0 0 0 0 0 0 0 1 1 1]
 [1 1 1 0 0 0 0 0 0 0 0 0 0 0 1]
 [1 0 0 0 0 0 0 0 0 0 0 0 0 0 0]
 [0 0 0 0 0 1 1 0 0 0 1 0 0 0 0]
 [0 0 0 1 1 1 1 0 0 0 1 1 1 0 0]
 [1 1 1 1 1 1 1 0 0 0 1 1 1 1 1]
 [1 1 1 1 1 1 1 0 0 0 1 1 1 1 1]
 [1 1 1 1 1 1 1 0 0 0 1 1 1 1 1]
 [1 1 1 1 1 1 1 0 0 1 1 1 1 1 1]]

[ + ]
0.9375
(16, 15)
[[1 1 1 1 1 1 0 0 0 1 1 1 1 1 1]
 [1 1 1 1 1 1 0 0 0 1 1 1 1 1 1]
 [1 1 1 1 1 1 0 0 0 1 1 1 1 1 1]
 [1 1 1 1 1 1 0 0 0 1 1 1 1 1 1]
 [1 1 1 1 1 1 0 0 0 1 1 1 1 1 1]
 [1 1 1 1 1 1 0 0 0 1 1 1 1 1 1]
 [0 0 0 0 0 0 0 0 0 0 0 0 0 0 0]
 [0 0 0 0 0 0 0 0 0 0 0 0 0 0 0]
 [0 0 0 0 0 0 0 0 0 0 0 0 0 0 0]
 [1 1 1 1 1 1 0 0 0 1 1 1 1 1 1]
 [1 1 1 1 1 1 0 0 0 1 1 1 1 1 1]
 [1 1 1 1 1 1 0 0 0 1 1 1 1 1 1]
 [1 1 1 1 1 1 0 0 0 1 1 1 1 1 1]
 [1 1 1 1 1 1 0 0 0 1 1 1 1 1 1]
 [1 1 1 1 1 1 0 0 0 1 1 1 1 1 1]
 [1 1 1 1 1 1 1 0 0 1 1 1 1 1 1]]

[ , ]
0.5454545454545454
(11, 6)
[[1 1 0 0 0 0]
 [1 1 0 0 0 0]
 [1 1 0 0 0 0]
 [1 1 0 0 0 0]
 [1 1 0 0 0 0]
 [1 0 0 0 0 0]
 [1 0 0 0 0 0]
 [1 0 0 0 0 0]
 [1 0 0 0 0 1]
 [0 0 0 0 0 1]
 [0 0 0 0 1 1]]

[ - ]
3.75
(4, 15)
[[1 0 0 0 0 0 0 0 0 0 0 0 0 0 0]
 [0 0 0 0 0 0 0 0 0 0 0 0 0 0 0]
 [0 0 0 0 0 0 0 0 0 0 0 0 0 0 0]
 [1 0 0 0 0 0 0 0 0 0 0 0 0 0 0]]

[ . ]
0.8333333333333334
(6, 5)
[[0 0 0 0 0]
 [0 0 0 0 0]
 [0 0 0 0 0]
 [0 0 0 0 0]
 [0 0 0 0 0]
 [0 0 0 0 0]]

[ / ]
0.52
(25, 13)
[[1 1 1 1 1 1 1 1 1 1 1 0 0]
 [1 1 1 1 1 1 1 1 1 1 1 0 0]
 [1 1 1 1 1 1 1 1 1 1 0 0 0]
 [1 1 1 1 1 1 1 1 1 1 0 0 0]
 [1 1 1 1 1 1 1 1 1 0 0 0 0]
 [1 1 1 1 1 1 1 1 1 0 0 0 0]
 [1 1 1 1 1 1 1 1 0 0 0 0 1]
 [1 1 1 1 1 1 1 1 0 0 0 0 1]
 [1 1 1 1 1 1 1 0 0 0 0 1 1]
 [1 1 1 1 1 1 1 0 0 0 0 1 1]
 [1 1 1 1 1 1 0 0 0 0 1 1 1]
 [1 1 1 1 1 1 0 0 0 0 1 1 1]
 [1 1 1 1 1 0 0 0 0 1 1 1 1]
 [1 1 1 1 1 0 0 0 0 1 1 1 1]
 [1 1 1 1 1 0 0 0 1 1 1 1 1]
 [1 1 1 1 0 0 0 0 1 1 1 1 1]
 [1 1 1 1 0 0 0 1 1 1 1 1 1]
 [1 1 1 0 0 0 0 1 1 1 1 1 1]
 [1 1 1 0 0 0 1 1 1 1 1 1 1]
 [1 1 0 0 0 0 1 1 1 1 1 1 1]
 [1 1 0 0 0 0 1 1 1 1 1 1 1]
 [1 0 0 0 0 1 1 1 1 1 1 1 1]
 [1 0 0 0 0 1 1 1 1 1 1 1 1]
 [0 0 0 0 1 1 1 1 1 1 1 1 1]
 [0 0 0 0 1 1 1 1 1 1 1 1 1]]

[ : ]
0.25
(16, 4)
[[0 0 0 0]
 [0 0 0 0]
 [0 0 0 0]
 [0 0 0 0]
 [0 0 0 0]
 [0 0 0 0]
 [1 1 1 1]
 [1 1 1 1]
 [1 1 1 1]
 [1 1 1 1]
 [0 0 0 0]
 [0 0 0 0]
 [0 0 0 0]
 [0 0 0 0]
 [0 0 0 0]
 [0 0 0 0]]

[ ; ]
0.3
(20, 6)
[[1 0 0 0 0 0]
 [1 0 0 0 0 0]
 [1 0 0 0 0 0]
 [1 0 0 0 0 0]
 [1 0 0 0 0 0]
 [1 1 0 0 0 0]
 [1 1 1 1 1 1]
 [1 1 1 1 1 1]
 [1 1 1 1 1 1]
 [1 1 1 1 1 1]
 [1 1 0 0 0 0]
 [1 0 0 0 0 0]
 [1 0 0 0 0 0]
 [1 0 0 0 0 0]
 [1 0 0 0 0 0]
 [1 0 0 0 0 0]
 [1 0 0 0 0 0]
 [1 0 0 0 0 1]
 [0 0 0 0 0 1]
 [0 0 0 0 1 1]]

[ < ]
1.0714285714285714
(14, 15)
[[1 1 1 1 1 1 1 1 1 1 1 1 0 0 0]
 [1 1 1 1 1 1 1 1 1 1 0 0 0 0 0]
 [1 1 1 1 1 1 1 0 0 0 0 0 0 0 0]
 [1 1 1 1 0 0 0 0 0 0 0 0 0 0 1]
 [1 1 0 0 0 0 0 0 0 0 0 1 1 1 1]
 [0 0 0 0 0 0 0 0 1 1 1 1 1 1 1]
 [0 0 0 0 0 0 1 1 1 1 1 1 1 1 1]
 [0 0 0 0 0 0 0 1 1 1 1 1 1 1 1]
 [0 0 0 0 0 0 0 0 0 1 1 1 1 1 1]
 [1 1 1 0 0 0 0 0 0 0 0 0 1 1 1]
 [1 1 1 1 1 0 0 0 0 0 0 0 0 0 0]
 [1 1 1 1 1 1 1 1 0 0 0 0 0 0 0]
 [1 1 1 1 1 1 1 1 1 1 1 0 0 0 0]
 [1 1 1 1 1 1 1 1 1 1 1 1 1 0 0]]

[ = ]
1.5
(10, 15)
[[0 0 0 0 0 0 0 0 0 0 0 0 0 0 0]
 [0 0 0 0 0 0 0 0 0 0 0 0 0 0 0]
 [0 0 0 0 0 0 0 0 0 0 0 0 0 0 0]
 [1 1 1 1 1 1 1 1 1 1 1 1 1 1 1]
 [1 1 1 1 1 1 1 1 1 1 1 1 1 1 1]
 [1 1 1 1 1 1 1 1 1 1 1 1 1 1 1]
 [1 0 0 0 0 0 0 0 0 0 0 0 0 0 0]
 [0 0 0 0 0 0 0 0 0 0 0 0 0 0 0]
 [0 0 0 0 0 0 0 0 0 0 0 0 0 0 0]
 [1 0 0 0 0 0 0 0 0 0 0 0 0 0 0]]

[ > ]
1.0
(15, 15)
[[1 0 1 1 1 1 1 1 1 1 1 1 1 1 1]
 [1 0 0 0 1 1 1 1 1 1 1 1 1 1 1]
 [0 0 0 0 0 0 0 1 1 1 1 1 1 1 1]
 [1 0 0 0 0 0 0 0 0 1 1 1 1 1 1]
 [1 1 1 0 0 0 0 0 0 0 0 0 1 1 1]
 [1 1 1 1 1 0 0 0 0 0 0 0 0 0 1]
 [1 1 1 1 1 1 1 1 0 0 0 0 0 0 0]
 [1 1 1 1 1 1 1 1 1 1 1 0 0 0 0]
 [1 1 1 1 1 1 1 1 1 1 0 0 0 0 0]
 [1 1 1 1 1 1 1 0 0 0 0 0 0 0 0]
 [1 1 1 1 0 0 0 0 0 0 0 0 0 1 1]
 [1 1 0 0 0 0 0 0 0 0 0 1 1 1 1]
 [1 0 0 0 0 0 0 0 1 1 1 1 1 1 1]
 [1 0 0 0 0 0 1 1 1 1 1 1 1 1 1]
 [0 0 0 1 1 1 1 1 1 1 1 1 1 1 1]]

[ ? ]
0.5
(22, 11)
[[1 1 1 0 0 0 0 0 0 1 1]
 [1 0 0 0 0 0 0 0 0 0 0]
 [0 0 0 0 0 0 0 0 0 0 0]
 [0 0 0 0 0 1 0 0 0 0 0]
 [0 0 1 1 1 1 1 1 0 0 0]
 [1 1 1 1 1 1 1 1 0 0 0]
 [1 1 1 1 1 1 1 1 0 0 0]
 [1 1 1 1 1 1 1 0 0 0 0]
 [1 1 1 1 1 1 1 0 0 0 0]
 [1 1 1 1 1 1 0 0 0 0 1]
 [1 1 1 1 1 0 0 0 0 1 1]
 [1 1 1 1 0 0 0 0 0 1 1]
 [1 1 1 1 0 0 0 0 1 1 1]
 [1 1 1 1 0 0 0 1 1 1 1]
 [1 1 1 1 0 0 0 1 1 1 1]
 [1 1 1 1 0 0 0 1 1 1 1]
 [1 1 1 1 0 0 0 1 1 1 1]
 [1 1 1 1 1 1 1 1 1 1 1]
 [1 1 1 1 0 0 0 1 1 1 1]
 [1 1 1 1 0 0 0 1 1 1 1]
 [1 1 1 1 0 0 0 1 1 1 1]
 [1 1 1 1 0 0 0 1 1 1 1]]

[ @ ]
0.68
(25, 17)
[[1 1 1 1 1 1 1 0 0 0 0 0 0 0 1 1 1]
 [1 1 1 1 1 0 0 0 0 0 0 0 0 0 0 1 1]
 [1 1 1 1 0 0 0 0 0 0 0 0 0 0 0 0 1]
 [1 1 1 0 0 0 0 1 1 1 1 1 1 0 0 0 0]
 [1 1 0 0 0 0 1 1 1 1 1 1 1 1 0 0 0]
 [1 1 0 0 0 1 1 1 1 1 1 1 1 1 0 0 0]
 [1 0 0 0 0 1 1 1 1 0 0 0 0 0 0 0 0]
 [1 0 0 0 1 1 1 0 0 0 0 0 0 0 0 0 0]
 [1 0 0 0 1 1 1 0 0 0 0 0 0 0 0 0 0]
 [1 0 0 0 1 1 0 0 0 0 1 1 1 1 0 0 0]
 [1 0 0 0 1 1 0 0 0 1 1 1 1 1 0 0 0]
 [0 0 0 0 1 1 0 0 0 1 1 1 1 1 0 0 0]
 [0 0 0 0 1 1 0 0 0 1 1 1 1 1 1 0 0]
 [1 0 0 0 1 1 0 0 0 1 1 1 1 1 0 0 0]
 [1 0 0 0 1 1 0 0 0 0 1 1 1 1 0 0 0]
 [1 0 0 0 1 1 1 0 0 0 0 1 1 0 0 0 0]
 [1 0 0 0 1 1 1 0 0 0 0 0 0 0 0 0 0]
 [1 0 0 0 0 1 1 1 0 0 0 0 0 0 0 0 0]
 [1 1 0 0 0 1 1 1 1 1 0 0 0 1 1 1 1]
 [1 1 0 0 0 0 1 1 1 1 1 1 1 1 1 1 1]
 [1 1 1 0 0 0 0 1 1 1 1 1 1 1 1 1 1]
 [1 1 1 1 0 0 0 0 0 0 1 1 1 1 1 1 1]
 [1 1 1 1 1 0 0 0 0 0 0 0 0 0 0 0 0]
 [1 1 1 1 1 1 0 0 0 0 0 0 0 0 0 0 0]
 [1 1 1 1 1 1 1 1 1 0 0 0 0 0 0 0 0]]

[ [ ]
0.2222222222222222
(27, 6)
[[0 0 0 0 0 0]
 [0 0 0 0 0 0]
 [0 0 0 0 0 0]
 [0 0 0 0 1 1]
 [0 0 0 0 1 1]
 [0 0 0 0 1 1]
 [0 0 0 0 1 1]
 [0 0 0 0 1 1]
 [0 0 0 0 1 1]
 [0 0 0 0 1 1]
 [0 0 0 0 1 1]
 [0 0 0 0 1 1]
 [0 0 0 0 1 1]
 [0 0 0 0 1 1]
 [0 0 0 0 1 1]
 [0 0 0 0 1 1]
 [0 0 0 0 1 1]
 [0 0 0 0 1 1]
 [0 0 0 0 1 1]
 [0 0 0 0 1 1]
 [0 0 0 0 1 1]
 [0 0 0 0 1 1]
 [0 0 0 0 1 1]
 [0 0 0 0 1 1]
 [0 0 0 0 0 0]
 [0 0 0 0 0 0]
 [1 0 0 0 0 0]]

[ \ ]
0.56
(25, 14)
[[1 0 0 0 1 1 1 1 1 1 1 1 1 1]
 [0 0 0 0 1 1 1 1 1 1 1 1 1 1]
 [1 0 0 0 0 1 1 1 1 1 1 1 1 1]
 [1 0 0 0 0 1 1 1 1 1 1 1 1 1]
 [1 1 0 0 0 0 1 1 1 1 1 1 1 1]
 [1 1 0 0 0 0 1 1 1 1 1 1 1 1]
 [1 1 1 0 0 0 0 1 1 1 1 1 1 1]
 [1 1 1 0 0 0 0 1 1 1 1 1 1 1]
 [1 1 1 1 0 0 0 0 1 1 1 1 1 1]
 [1 1 1 1 0 0 0 0 1 1 1 1 1 1]
 [1 1 1 1 1 0 0 0 1 1 1 1 1 1]
 [1 1 1 1 1 0 0 0 0 1 1 1 1 1]
 [1 1 1 1 1 1 0 0 0 1 1 1 1 1]
 [1 1 1 1 1 1 0 0 0 0 1 1 1 1]
 [1 1 1 1 1 1 0 0 0 0 1 1 1 1]
 [1 1 1 1 1 1 1 0 0 0 0 1 1 1]
 [1 1 1 1 1 1 1 0 0 0 0 1 1 1]
 [1 1 1 1 1 1 1 1 0 0 0 0 1 1]
 [1 1 1 1 1 1 1 1 0 0 0 0 1 1]
 [1 1 1 1 1 1 1 1 1 0 0 0 0 1]
 [1 1 1 1 1 1 1 1 1 0 0 0 0 1]
 [1 1 1 1 1 1 1 1 1 1 0 0 0 0]
 [1 1 1 1 1 1 1 1 1 1 0 0 0 0]
 [1 1 1 1 1 1 1 1 1 1 1 0 0 0]
 [1 1 1 1 1 1 1 1 1 1 1 0 0 0]]

[ ] ]
0.2222222222222222
(27, 6)
[[0 0 0 0 0 0]
 [0 0 0 0 0 0]
 [0 0 0 0 0 0]
 [1 1 1 1 0 0]
 [1 1 1 1 0 0]
 [1 1 1 1 0 0]
 [1 1 1 1 0 0]
 [1 1 1 1 0 0]
 [1 1 1 1 0 0]
 [1 1 1 1 0 0]
 [1 1 1 1 0 0]
 [1 1 1 1 0 0]
 [1 1 1 1 0 0]
 [1 1 1 1 0 0]
 [1 1 1 1 0 0]
 [1 1 1 1 0 0]
 [1 1 1 1 0 0]
 [1 1 1 1 0 0]
 [1 1 1 1 0 0]
 [1 1 1 1 0 0]
 [1 1 1 1 0 0]
 [1 1 1 1 0 0]
 [1 1 1 1 0 0]
 [1 1 1 1 0 0]
 [0 0 0 0 0 0]
 [0 0 0 0 0 0]
 [1 0 0 0 0 0]]

[ ^ ]
1.6
(10, 16)
[[1 1 1 1 1 1 1 0 0 0 1 1 1 1 1 1]
 [1 1 1 1 1 1 0 0 0 0 0 1 1 1 1 1]
 [1 1 1 1 1 0 0 0 0 0 0 0 1 1 1 1]
 [1 1 1 1 0 0 0 0 0 0 0 0 1 1 1 1]
 [1 1 1 1 0 0 0 0 0 0 0 0 0 1 1 1]
 [1 1 1 0 0 0 0 0 1 0 0 0 0 0 1 1]
 [1 1 0 0 0 0 0 1 1 1 0 0 0 0 0 1]
 [1 0 0 0 0 0 1 1 1 1 1 0 0 0 0 0]
 [0 0 0 0 0 1 1 1 1 1 1 1 0 0 0 0]
 [0 0 0 0 1 1 1 1 1 1 1 1 1 0 0 0]]

[ _ ]
5.666666666666667
(3, 17)
[[0 0 0 0 0 0 0 0 0 0 0 0 0 0 0 0 0]
 [0 0 0 0 0 0 0 0 0 0 0 0 0 0 0 0 0]
 [0 0 0 0 0 0 0 0 0 0 0 0 0 0 0 0 0]]

[ ` ]
0.8571428571428571
(7, 6)
[[0 0 0 1 1 1]
 [0 0 0 0 1 1]
 [0 0 0 0 1 1]
 [1 0 0 0 0 1]
 [1 1 0 0 0 0]
 [1 1 1 0 0 0]
 [1 1 1 1 0 0]]

[ { ]
0.4444444444444444
(27, 12)
[[1 1 1 1 1 1 1 1 0 0 0 0]
 [1 1 1 1 1 1 0 0 0 0 0 0]
 [1 1 1 1 1 1 0 0 0 0 0 0]
 [1 1 1 1 1 1 0 0 0 0 1 1]
 [1 1 1 1 1 1 0 0 0 1 1 1]
 [1 1 1 1 1 0 0 0 0 1 1 1]
 [1 1 1 1 1 0 0 0 0 1 1 1]
 [1 1 1 1 1 0 0 0 0 1 1 1]
 [1 1 1 1 1 0 0 0 0 1 1 1]
 [1 1 1 1 1 0 0 0 0 1 1 1]
 [1 1 1 1 1 0 0 0 0 1 1 1]
 [1 1 1 1 1 0 0 0 0 1 1 1]
 [1 0 0 0 0 0 0 0 1 1 1 1]
 [0 0 0 0 0 0 0 1 1 1 1 1]
 [0 0 0 0 0 0 0 0 1 1 1 1]
 [1 1 1 0 0 0 0 0 1 1 1 1]
 [1 1 1 1 1 0 0 0 0 1 1 1]
 [1 1 1 1 1 0 0 0 0 1 1 1]
 [1 1 1 1 1 0 0 0 0 1 1 1]
 [1 1 1 1 1 0 0 0 0 1 1 1]
 [1 1 1 1 1 0 0 0 0 1 1 1]
 [1 1 1 1 1 1 0 0 0 1 1 1]
 [1 1 1 1 1 1 0 0 0 1 1 1]
 [1 1 1 1 1 1 0 0 0 0 1 1]
 [1 1 1 1 1 1 0 0 0 0 0 0]
 [1 1 1 1 1 1 1 0 0 0 0 0]
 [1 1 1 1 1 1 1 1 0 0 0 0]]

[ | ]
0.06896551724137931
(29, 2)
[[0 0]
 [0 0]
 [0 0]
 [0 0]
 [0 0]
 [0 0]
 [0 0]
 [0 0]
 [0 0]
 [0 0]
 [0 0]
 [0 0]
 [0 0]
 [0 0]
 [0 0]
 [0 0]
 [0 0]
 [0 0]
 [0 0]
 [0 0]
 [0 0]
 [0 0]
 [0 0]
 [0 0]
 [0 0]
 [0 0]
 [0 0]
 [0 0]
 [0 0]]

[ } ]
0.4444444444444444
(27, 12)
[[0 0 0 0 0 1 1 1 1 1 1 1]
 [0 0 0 0 0 0 1 1 1 1 1 1]
 [0 0 0 0 0 0 0 1 1 1 1 1]
 [1 1 1 0 0 0 0 1 1 1 1 1]
 [1 1 1 1 0 0 0 1 1 1 1 1]
 [1 1 1 1 0 0 0 1 1 1 1 1]
 [1 1 1 1 0 0 0 1 1 1 1 1]
 [1 1 1 1 0 0 0 1 1 1 1 1]
 [1 1 1 1 0 0 0 1 1 1 1 1]
 [1 1 1 1 0 0 0 1 1 1 1 1]
 [1 1 1 1 0 0 0 0 1 1 1 1]
 [1 1 1 1 0 0 0 0 1 1 1 1]
 [1 1 1 1 1 0 0 0 0 0 0 0]
 [1 1 1 1 1 1 0 0 0 0 0 0]
 [1 1 1 1 1 0 0 0 0 0 0 0]
 [1 1 1 1 0 0 0 0 0 1 1 1]
 [1 1 1 1 0 0 0 0 1 1 1 1]
 [1 1 1 1 0 0 0 0 1 1 1 1]
 [1 1 1 1 0 0 0 1 1 1 1 1]
 [1 1 1 1 0 0 0 1 1 1 1 1]
 [1 1 1 1 0 0 0 1 1 1 1 1]
 [1 1 1 1 0 0 0 1 1 1 1 1]
 [1 1 1 1 0 0 0 1 1 1 1 1]
 [1 1 1 0 0 0 0 1 1 1 1 1]
 [0 0 0 0 0 0 0 1 1 1 1 1]
 [0 0 0 0 0 0 1 1 1 1 1 1]
 [0 0 0 0 0 1 1 1 1 1 1 1]]

[ ~ ]
1.8888888888888888
(9, 17)
[[1 1 1 1 0 0 1 1 1 1 1 1 1 1 1 1 1]
 [1 1 0 0 0 0 0 0 1 1 1 1 1 1 1 1 1]
 [1 0 0 0 0 0 0 0 0 1 1 1 1 1 1 0 1]
 [1 0 0 0 0 0 0 0 0 0 1 1 1 1 1 0 0]
 [0 0 0 0 1 1 0 0 0 0 0 1 1 1 0 0 0]
 [0 0 0 1 1 1 1 0 0 0 0 0 1 0 0 0 0]
 [1 0 0 1 1 1 1 1 0 0 0 0 0 0 0 0 0]
 [1 1 1 1 1 1 1 1 1 0 0 0 0 0 0 0 1]
 [1 1 1 1 1 1 1 1 1 1 0 0 0 0 0 1 1]]

[ # ]
0.8095238095238095
(21, 17)
[[1 1 1 1 1 1 1 0 0 0 1 1 0 0 0 0 1]
 [1 1 1 1 1 1 1 0 0 0 1 1 0 0 0 0 1]
 [1 1 1 1 1 1 0 0 0 0 1 1 0 0 0 1 1]
 [1 1 1 1 1 1 0 0 0 1 1 1 0 0 0 1 1]
 [1 1 1 1 1 1 0 0 0 1 1 0 0 0 0 1 1]
 [1 0 0 0 0 0 0 0 0 0 0 0 0 0 0 0 0]
 [1 0 0 0 0 0 0 0 0 0 0 0 0 0 0 0 0]
 [1 0 0 0 0 0 0 0 0 0 0 0 0 0 0 0 0]
 [1 1 1 1 1 0 0 0 1 1 0 0 0 0 1 1 1]
 [1 1 1 1 1 0 0 0 1 1 0 0 0 0 1 1 1]
 [1 1 1 1 0 0 0 0 1 1 0 0 0 1 1 1 1]
 [1 1 1 1 0 0 0 1 1 1 0 0 0 1 1 1 1]
 [0 0 0 0 0 0 0 0 0 0 0 0 0 0 0 0 1]
 [0 0 0 0 0 0 0 0 0 0 0 0 0 0 0 0 1]
 [0 0 0 0 0 0 0 0 0 0 0 0 0 0 0 0 1]
 [0 0 0 0 0 0 0 0 0 0 0 0 0 0 0 0 1]
 [1 1 1 0 0 0 1 1 0 0 0 0 1 1 1 1 1]
 [1 1 0 0 0 0 1 1 0 0 0 0 1 1 1 1 1]
 [1 1 0 0 0 0 1 1 0 0 0 1 1 1 1 1 1]
 [1 1 0 0 0 1 1 1 0 0 0 1 1 1 1 1 1]
 [1 1 0 0 0 1 1 0 0 0 0 1 1 1 1 1 1]]

